221 160
240 43
160 161
160 161
136 160
80 69
240 20
160 10
1 78
32 240
160 10
44 188
29 84
113 132
197 228
72 58
240 214
3 43
32 78
161 22
180 116
187 234
46 160
131 1
197 161
174 207
17 96
160 4
81 161
68 112
173 33
53 145
160 227
206 6
23 47
236 105
170 196
145 202
223 47
160 1
113 39
87 123
169 57
97 191
212 50
160 174
150 81
111 233
201 6
181 96
218 201
73 167
201 152
186 81
51 69
219 138
204 233
113 160
172 28
189 48
96 126
141 189
160 98
235 219
204 174
11 142
127 78
189 25
88 204
220 143
172 235
158 5
42 77
219 235
58 90
109 151
188 136
203 25
80 240
147 186
237 218
240 135
161 60
80 199
41 106
182 64
147 160
175 205
218 20
49 160
198 173
228 113
53 189
161 221
56 240
205 153
177 236
198 80
189 46
1 89
1 5
10 19
19 25
33 39
43 47
49 54
56 59
62 63
66 68
69 71
75 77
79 80
81 81
81 81
81 81
85 86
89 90
92 92
95 95
95 99
100 101
102 102
105 105
106 107
109 111
113 115
116 119
119 123
123 124
130 130
130 133
133 133
133 134
135 137
139 139
142 144
144 147
148 151
151 152
154 157
158 160
160 160
160 161
161 163
165 166
167 167
168 170
171 171
172 173
175 177
178 180
182 184
185 186
186 187
188 189
191 192
192 192
193 193
193 194
194 197
197 199
201 202
203 205
205 207
208 209
210 212
213 216
218 219
220 220
220 221
221 221
222 225
225 226
229 229
230 230
231 232
232 233
234 236
236 237
241 241
241 242
242 244
244 248
248 248
251 251
252 258
260 260
260 260
264 269
271 272
273 276
276 280
281 284
287 288
289 289
290 292
295 299
300 309
309 310
317 320
