240 16
160 161
86 37
160 26
18 1
48 80
93 160
25 7
80 212
73 58
229 160
240 46
92 37
161 194
113 129
200 60
160 96
144 45
8 72
210 240
1 82
187 30
220 160
146 108
161 18
173 5
80 44
64 103
156 240
19 219
90 34
58 115
8 180
240 154
207 160
81 57
213 236
170 133
48 67
90 178
238 160
201 223
1 183
55 119
138 17
211 190
104 152
228 10
210 81
175 127
160 195
211 61
75 110
136 1
228 37
145 213
180 235
56 89
103 132
161 147
198 81
104 117
230 5
20 214
51 161
182 93
148 133
15 34
198 94
214 230
149 165
180 14
49 134
81 66
199 230
97 115
197 11
32 48
143 178
213 120
85 103
71 81
29 155
195 9
228 176
143 68
88 210
49 8
114 191
160 8
27 72
49 156
166 184
217 103
197 230
86 106
189 57
81 28
209 183
240 221
163 43
123 61
87 199
171 232
65 46
217 98
160 187
108 51
133 209
9 227
80 111
55 199
240 155
160 217
99 14
230 171
225 157
80 197
88 150
1 2
5 13
21 23
28 28
32 35
36 38
38 38
43 46
52 53
53 55
61 62
63 63
65 65
68 68
72 73
74 74
76 76
77 77
78 81
81 81
82 84
85 85
86 86
87 88
90 91
93 96
100 100
103 103
104 104
106 107
107 108
109 109
115 116
116 118
120 120
121 122
123 123
124 127
129 131
132 132
132 132
133 135
138 139
140 143
143 143
144 144
147 149
150 150
152 152
154 156
157 158
158 158
160 160
160 160
161 163
164 164
164 166
166 168
168 169
171 171
174 175
176 177
179 180
181 181
181 182
182 182
184 185
186 190
190 190
192 192
192 193
194 194
196 196
199 200
202 202
202 203
204 205
206 206
207 207
207 207
209 211
211 212
212 214
214 214
215 215
218 219
220 221
221 222
223 224
225 227
230 230
230 233
233 233
233 233
238 238
238 240
241 241
243 244
245 245
249 249
250 251
253 253
254 254
257 260
260 262
263 263
264 267
267 269
272 272
273 275
275 279
279 282
282 283
285 286
288 292
296 299
302 306
309 311
312 316
316 320
