9 158
221 240
235 80
160 6
80 240
17 30
80 70
160 183
1 43
240 161
29 200
81 17
63 156
7 215
80 240
85 100
172 220
31 115
15 182
145 160
54 25
67 103
118 155
168 209
45 88
134 80
239 68
145 160
223 1
53 16
36 130
229 75
212 191
235 161
62 6
30 88
160 220
44 153
128 180
134 30
186 207
161 227
1 144
21 107
64 80
152 210
40 232
174 196
7 133
157 235
28 217
94 112
184 145
1 163
79 127
201 184
55 18
150 135
185 34
169 51
80 120
201 9
95 155
187 216
231 30
45 78
107 140
159 123
172 80
218 93
202 234
186 24
156 140
67 124
108 57
6 171
68 186
202 124
154 218
140 233
22 108
55 38
71 172
201 217
132 3
151 169
117 185
20 93
77 57
234 128
167 200
148 40
60 181
20 218
86 233
162 43
101 20
128 155
188 137
215 200
232 168
75 27
52 180
229 5
99 144
153 211
191 134
110 12
93 31
57 80
240 170
141 203
222 35
15 187
68 158
77 21
218 238
180 102
198 81
49 24
170 212
231 190
161 69
202 143
43 198
128 80
169 240
160 121
188 147
5 177
1 1
1 2
7 12
15 21
26 29
30 41
42 43
44 44
47 48
48 50
53 54
56 57
58 58
60 60
64 64
65 66
66 66
67 69
70 73
74 76
78 80
80 80
80 80
80 80
81 81
81 83
83 87
88 89
89 90
93 95
96 97
97 98
98 99
99 100
101 102
102 107
107 107
108 108
112 112
114 115
115 115
116 117
118 119
122 122
124 124
124 124
125 125
127 130
132 132
132 134
135 135
136 136
136 138
140 140
141 143
143 144
146 148
148 150
150 151
151 153
154 156
156 157
157 157
157 157
160 161
161 161
163 163
163 166
167 170
170 172
172 172
173 174
174 175
176 177
178 181
182 183
184 185
185 186
186 186
187 188
189 191
192 194
195 195
195 195
197 198
198 198
199 199
200 201
203 204
205 206
206 207
210 212
213 213
214 215
216 216
218 222
224 225
225 225
225 226
226 228
228 230
233 235
237 237
237 240
240 240
241 241
242 243
244 245
245 246
246 246
248 249
252 252
253 254
255 255
257 260
262 264
264 264
265 266
267 269
271 274
274 275
275 281
283 284
291 294
298 298
301 303
304 304
305 307
309 315
317 320
