56 90
120 140
238 44
80 227
200 26
125 155
240 87
80 75
160 21
99 142
1 240
42 80
195 161
57 81
240 1
80 161
221 31
182 196
87 1
199 206
240 4
161 37
191 208
1 29
81 214
223 240
21 178
228 13
43 103
120 163
194 207
154 240
234 67
1 33
225 170
80 240
162 147
67 240
81 1
161 186
55 120
226 240
151 192
81 206
12 210
240 80
2 95
173 180
160 136
222 19
234 81
82 11
64 165
183 160
172 213
235 76
150 4
25 126
161 183
205 220
105 81
16 120
240 81
155 189
179 212
198 230
59 102
132 208
147 10
175 191
5 155
67 50
226 98
209 191
162 177
1 63
80 158
174 193
225 208
1 32
163 108
141 240
160 56
74 188
202 223
80 1
92 162
34 239
199 54
73 127
161 171
178 188
217 130
15 234
155 72
53 113
78 92
162 200
228 15
174 209
118 185
240 144
158 13
99 78
20 40
108 134
216 160
172 226
207 33
77 86
182 104
112 131
165 191
16 215
50 108
88 141
232 33
161 80
204 64
92 113
151 16
175 188
51 220
160 34
121 97
136 20
150 57
161 235
86 193
205 167
142 185
1 160
21 229
120 155
215 55
165 178
133 200
91 102
112 240
28 76
160 144
51 122
100 176
227 162
219 16
109 131
82 8
25 40
48 60
73 96
119 146
159 206
1 1
1 1
1 6
6 6
8 9
16 18
18 20
22 25
28 29
29 30
35 35
36 36
36 42
43 45
46 50
50 54
55 56
56 57
59 60
60 60
60 63
65 68
69 70
74 74
74 74
74 76
80 80
80 81
81 81
81 81
81 81
82 82
84 85
88 90
92 93
94 94
95 98
99 99
101 102
107 107
108 108
108 109
111 112
114 114
115 119
119 120
121 122
122 122
123 125
125 126
127 131
135 136
136 136
136 137
138 139
140 141
142 143
143 146
148 148
149 149
152 153
154 154
156 157
157 157
158 158
160 160
161 161
161 161
162 163
165 166
171 171
172 173
174 175
175 177
178 178
182 182
183 184
184 187
187 188
192 193
194 195
196 196
197 198
198 198
198 198
200 201
201 201
203 205
206 207
207 207
208 208
212 212
212 213
216 217
218 222
223 223
224 225
225 225
225 226
226 227
230 230
230 232
234 236
236 237
238 238
240 240
240 241
241 241
243 245
245 245
246 247
247 247
247 248
250 250
251 255
256 257
257 259
260 262
262 263
263 263
263 264
265 265
266 266
268 270
273 275
277 278
278 279
279 280
281 281
281 282
285 285
286 287
289 291
292 293
293 294
295 298
299 299
301 302
302 302
303 303
305 306
307 310
311 311
311 313
314 316
316 316
317 320
320 320
320 320
320 320
320 320
320 320
