1 52
77 86
136 160
240 85
40 197
20 160
121 1
152 81
237 160
96 16
139 240
80 37
192 72
28 160
53 81
188 118
240 1
2 161
218 179
28 93
193 137
83 230
196 204
17 158
238 33
162 205
1 81
211 25
221 240
80 224
16 175
9 39
67 115
119 161
192 204
152 231
64 1
81 50
125 222
168 160
110 240
81 1
65 145
213 102
82 184
53 117
160 224
70 148
192 81
204 7
102 240
1 80
23 161
93 177
166 134
220 15
233 48
81 197
161 225
7 61
80 180
167 171
211 232
73 147
21 1
240 124
180 218
202 236
81 162
103 12
118 46
186 152
177 209
195 36
56 99
130 1
144 172
189 240
1 64
47 160
225 94
206 188
174 60
77 240
157 191
91 28
105 139
53 156
238 14
71 186
199 80
179 220
88 30
160 50
113 236
70 125
196 152
161 88
215 175
128 10
160 138
152 230
68 160
48 110
89 197
224 10
164 172
206 115
238 103
142 156
7 67
96 48
121 35
74 104
131 212
157 169
222 203
30 82
178 100
127 160
187 238
10 45
210 55
104 81
137 227
28 161
77 199
59 108
146 10
87 169
183 46
162 214
154 28
237 116
92 14
131 52
28 80
161 228
187 199
99 137
85 179
15 79
114 223
49 149
209 159
240 34
172 126
193 85
97 106
21 69
234 138
80 160
189 44
94 116
155 169
220 78
212 102
8 87
17 33
41 52
65 112
125 138
198 1
1 1
1 1
1 2
4 5
8 10
14 16
17 18
19 19
28 29
30 31
33 35
36 36
38 40
42 44
45 45
47 47
48 52
53 55
56 57
57 57
58 59
59 60
60 63
64 64
68 70
70 72
73 74
75 75
77 78
79 80
80 81
81 81
81 81
81 81
81 82
84 85
86 86
92 93
93 94
95 96
96 98
99 99
99 100
101 103
107 108
108 108
108 109
111 111
112 114
115 115
116 117
118 119
119 121
122 123
125 125
126 128
129 130
130 133
133 136
136 136
136 137
138 139
140 141
142 143
144 144
146 148
149 150
150 151
151 152
154 154
155 157
158 158
158 160
161 161
161 161
162 162
164 166
167 171
172 173
173 173
175 175
177 178
183 183
184 185
187 189
193 195
195 197
197 197
198 198
198 198
199 199
199 201
203 203
206 206
206 207
207 207
208 210
211 212
213 214
215 215
217 218
218 221
221 222
223 225
225 225
226 226
226 227
230 230
232 232
234 236
236 236
238 238
240 240
240 240
240 241
241 242
243 244
245 246
247 247
247 249
249 250
250 251
252 255
257 257
258 259
260 262
262 263
263 263
264 264
265 265
266 266
267 268
270 272
273 275
278 278
279 280
281 281
281 282
282 285
285 286
286 289
289 292
292 294
294 294
296 297
298 298
299 300
301 302
302 303
303 304
306 307
307 307
308 311
311 311
312 312
315 315
316 317
318 320
320 320
320 320
320 320
320 320
