1 34
91 116
134 146
233 240
78 219
200 26
66 90
160 134
12 1
82 33
238 160
48 12
80 240
81 211
172 22
52 130
161 189
77 197
223 12
150 160
231 238
1 82
197 19
47 203
212 224
183 160
167 144
195 81
174 240
2 57
42 159
219 14
1 200
230 80
135 57
71 93
124 220
187 240
108 150
160 174
61 214
1 80
138 240
24 143
180 93
194 81
160 124
80 209
9 235
72 187
240 52
152 160
1 81
169 64
162 200
136 14
113 169
225 92
107 6
175 2
133 194
161 81
177 230
154 81
161 142
167 214
235 90
105 129
187 195
177 162
10 51
67 231
161 152
180 81
160 22
159 96
128 229
44 145
9 62
175 189
211 81
158 24
149 228
186 62
115 158
80 206
165 118
162 6
130 223
143 159
1 61
43 102
219 240
81 163
189 7
199 175
234 107
96 81
134 1
151 89
42 62
114 160
218 198
25 77
173 95
121 156
182 236
42 207
8 138
51 99
32 72
87 133
157 225
25 196
75 143
57 105
85 167
180 8
43 152
213 78
26 113
237 90
129 13
50 80
161 186
228 198
98 136
178 86
77 13
113 222
60 148
48 158
209 240
171 33
126 193
84 96
105 20
68 233
137 80
189 43
93 115
154 160
169 220
77 101
123 211
7 32
64 240
198 109
187 86
172 158
221 32
120 76
240 54
95 106
207 25
6 38
64 85
1 1
1 1
1 1
3 3
4 5
6 8
9 12
12 13
14 15
17 20
20 24
27 29
29 34
38 38
39 40
40 40
41 42
43 43
43 46
47 47
48 51
52 52
54 58
58 58
58 60
63 64
64 65
65 66
66 66
68 69
76 76
77 78
79 80
80 81
81 82
83 83
83 84
85 85
91 91
91 91
92 92
94 94
94 95
96 96
96 98
98 103
104 108
109 109
110 111
113 113
113 119
119 119
120 120
120 123
123 123
126 127
130 132
134 135
137 138
141 144
146 146
148 149
150 150
153 157
157 158
158 158
158 160
160 160
160 160
161 162
166 166
166 167
168 169
170 172
173 177
177 178
180 180
181 181
182 182
182 182
182 185
185 187
187 189
190 191
191 191
195 195
196 197
197 200
200 200
201 203
204 205
206 206
208 208
209 209
209 210
210 213
213 214
215 216
216 217
218 220
221 221
221 223
225 226
229 229
229 231
231 231
232 232
234 234
235 236
237 238
240 240
240 241
241 242
243 245
246 246
247 247
248 248
248 249
250 251
251 254
255 256
257 259
261 262
263 264
265 265
265 266
269 269
269 272
273 274
276 276
277 277
278 279
279 281
282 283
283 284
285 286
286 288
288 288
290 291
291 293
295 295
295 295
296 296
300 300
300 300
301 304
304 304
305 307
307 309
310 311
312 313
314 315
316 317
317 317
317 318
320 320
320 320
