1 4
76 85
240 174
26 48
160 1
71 149
65 93
38 184
81 219
122 160
240 31
11 110
65 20
83 74
103 50
66 26
235 136
160 120
41 7
58 107
20 240
160 151
96 32
50 123
138 67
89 112
229 213
27 11
153 107
235 80
221 23
38 99
184 160
1 149
58 135
118 166
81 33
48 237
1 160
108 183
149 204
45 130
161 92
191 29
74 125
169 200
180 24
147 161
71 139
39 117
170 189
240 133
160 58
6 150
116 143
179 81
129 1
215 163
44 55
238 203
18 113
1 129
142 32
99 171
188 73
159 84
115 210
191 240
100 132
42 70
161 178
212 117
134 197
102 85
166 216
43 69
154 12
185 232
104 201
122 140
1 159
190 30
219 91
236 80
17 181
1 146
220 96
128 166
208 29
75 58
113 170
17 81
194 215
98 136
154 233
179 3
30 160
209 78
103 44
30 143
19 194
80 127
111 177
46 60
205 153
236 1
80 133
97 218
16 187
164 226
64 81
51 171
200 81
208 72
240 160
129 84
222 142
161 186
196 110
240 130
232 56
80 172
160 26
41 217
60 98
80 161
148 67
54 230
32 240
142 80
240 102
160 80
240 115
89 1
1 1
1 2
4 6
7 7
8 8
9 11
13 15
15 17
18 19
19 19
21 22
22 26
30 31
35 36
37 40
42 42
43 43
44 45
47 47
49 50
50 52
54 55
56 56
56 56
60 60
61 62
63 64
65 65
66 68
69 70
72 73
73 74
76 77
77 80
80 81
81 83
84 84
85 86
86 87
87 88
91 94
94 95
96 96
97 97
97 97
101 103
104 104
105 106
107 108
109 110
110 110
113 114
115 116
116 117
120 120
121 121
122 122
123 124
124 124
128 129
129 130
130 130
131 131
131 131
135 135
136 136
136 138
138 140
140 141
144 144
144 144
146 146
146 150
152 152
153 154
154 156
157 157
157 160
160 161
161 164
164 165
166 166
167 169
170 172
174 175
175 175
176 176
176 176
177 177
179 182
182 183
183 185
186 188
188 188
188 189
190 190
194 195
197 197
198 199
200 201
203 206
207 208
208 209
209 209
211 212
214 214
216 217
217 218
218 220
221 222
223 225
225 225
229 230
231 232
234 236
238 238
240 240
240 241
243 243
244 244
245 245
245 246
249 252
252 256
258 259
259 263
268 273
273 274
274 280
283 290
292 298
308 316
317 318
