77 240
1 25
137 47
160 71
149 103
65 240
92 219
184 37
81 219
55 160
240 30
9 110
64 19
83 123
74 103
50 11
66 235
240 25
136 120
156 40
5 57
80 239
19 160
151 31
50 96
138 123
67 89
112 26
44 213
9 136
153 107
120 80
221 21
37 99
184 160
1 134
150 18
89 166
118 32
47 81
115 237
183 107
149 78
95 130
44 161
27 73
91 191
125 169
57 86
200 180
22 236
100 146
161 70
37 139
116 189
84 169
20 240
133 1
56 160
149 192
115 33
81 178
128 215
54 161
42 15
112 203
98 142
30 188
70 158
82 114
209 191
240 28
130 99
68 81
161 211
177 115
132 196
100 82
165 41
67 153
215 231
184 103
120 1
200 160
2 54
139 176
158 189
28 121
218 68
89 234
15 145
180 94
219 27
127 164
207 1
80 55
110 14
169 150
193 213
96 134
153 232
27 178
81 119
158 207
76 100
186 42
27 220
85 140
16 192
76 125
108 175
58 151
28 206
234 80
130 215
93 184
13 160
114 223
60 33
47 142
168 197
205 16
102 121
156 166
55 138
218 81
193 106
229 126
52 80
7 160
23 240
38 213
133 160
57 95
231 79
240 144
122 45
63 51
31 240
51 138
207 56
240 98
160 240
115 76
142 1
1 3
4 4
5 5
6 6
8 9
9 11
11 12
13 15
15 16
16 16
18 20
20 24
29 29
29 33
34 35
37 39
39 39
40 40
42 42
43 44
45 47
47 48
50 51
53 53
53 53
55 57
58 59
61 61
61 63
63 63
64 65
66 68
69 71
71 72
73 74
74 74
76 76
78 80
81 81
82 83
83 84
85 86
88 88
91 92
93 94
94 94
94 95
95 99
99 99
100 101
101 102
102 102
104 105
105 107
107 108
108 109
109 111
112 112
113 114
114 115
116 116
117 119
120 121
121 122
125 126
126 128
128 129
129 132
133 134
134 134
136 136
137 137
138 141
141 141
141 142
144 144
144 147
149 150
151 151
151 151
154 155
156 156
157 157
158 161
161 161
161 162
162 163
163 163
164 165
166 169
172 172
173 173
174 174
174 174
175 175
176 179
180 180
181 183
184 185
186 186
186 187
187 188
192 192
193 194
194 194
195 196
196 197
198 199
201 204
204 206
206 207
208 209
210 210
213 213
214 215
215 216
217 219
219 220
222 222
222 223
223 228
229 230
231 232
233 236
236 236
237 240
241 241
242 243
244 245
246 247
248 250
250 253
253 254
256 257
259 259
261 262
263 266
271 273
273 279
279 283
287 289
291 298
316 317
318 318
