67 127
16 38
62 140
94 56
175 28
210 72
46 113
160 21
101 1
56 10
75 156
160 240
66 94
165 41
1 57
128 16
148 112
160 32
49 10
42 88
130 23
115 59
80 104
205 17
145 1
128 160
99 226
72 213
13 29
91 177
142 126
81 158
50 201
110 1
24 40
229 175
100 141
69 156
238 1
122 37
184 19
65 83
117 161
240 192
172 14
139 153
62 131
30 109
181 80
161 13
125 49
141 108
26 136
171 120
207 47
34 240
195 8
80 105
90 134
180 22
161 150
63 75
201 107
183 123
238 21
91 32
1 154
170 204
189 108
93 240
80 160
33 60
208 146
223 176
96 192
240 46
182 161
240 150
114 211
20 61
81 227
240 8
173 87
137 212
20 120
157 199
48 76
103 7
161 143
186 238
206 89
127 146
225 170
21 80
111 152
200 180
35 238
21 133
10 185
67 240
118 218
101 168
37 51
81 196
144 227
123 74
208 177
237 7
154 216
54 240
135 161
191 26
41 80
199 170
10 115
150 80
212 236
50 132
186 100
142 222
120 161
47 1
18 235
207 32
156 160
51 88
73 138
240 1
39 116
58 26
188 131
46 51
93 240
160 240
86 108
135 1
4 6
6 7
7 8
10 13
14 14
16 17
17 18
20 21
22 25
30 30
30 31
33 34
35 35
36 37
40 41
42 42
43 43
44 46
49 54
54 54
55 55
58 59
59 61
63 63
64 64
64 65
66 67
68 70
72 72
72 74
75 77
78 80
80 81
83 83
83 84
85 86
87 89
90 90
91 92
93 94
95 95
95 96
96 98
99 101
102 102
103 105
106 107
108 108
109 109
111 112
113 115
116 118
118 118
119 120
122 123
125 126
127 127
128 129
129 129
130 131
133 134
134 134
135 136
138 138
139 139
140 142
142 142
142 144
145 148
149 151
151 152
152 152
153 154
156 157
158 158
160 161
162 162
163 164
164 165
165 166
167 170
171 172
173 173
174 175
175 175
175 177
178 180
181 181
182 184
184 185
186 187
187 187
188 189
189 193
193 194
195 196
197 198
200 201
201 203
204 205
206 207
207 208
208 208
208 209
211 214
215 215
216 216
217 218
220 221
222 223
223 223
224 224
227 228
229 231
232 232
233 236
236 238
238 240
241 241
241 243
243 245
247 248
248 251
252 252
252 255
257 261
262 262
264 264
264 268
274 277
279 280
289 292
292 316
316 317
317 317
