33 113
144 195
225 80
176 205
81 1
161 231
39 134
28 80
17 202
43 160
224 22
240 47
158 37
1 75
82 87
138 163
206 21
240 160
39 79
237 5
28 127
19 88
160 12
74 62
124 161
3 51
75 91
103 140
173 225
20 160
42 66
181 60
32 89
11 105
163 180
119 240
50 1
240 76
139 160
161 98
81 113
240 74
148 1
161 94
64 81
137 157
240 63
141 1
127 161
44 75
150 118
134 240
158 50
124 172
29 76
154 240
139 107
171 80
122 112
64 80
49 160
128 85
143 33
65 101
81 191
160 234
178 140
240 70
107 192
173 112
194 210
62 76
95 134
156 85
120 59
174 212
60 128
81 162
240 133
65 30
225 184
115 166
91 212
240 160
145 80
174 197
217 124
1 101
156 183
8 81
108 163
136 186
41 201
1 115
145 124
76 43
179 193
131 27
105 9
31 71
177 225
80 95
14 81
1 45
200 9
23 160
71 81
161 141
30 152
160 240
42 64
137 198
1 1
1 1
1 2
6 7
9 11
11 11
13 14
16 20
21 23
25 25
25 32
35 36
37 40
42 42
42 42
42 42
45 47
48 52
54 54
56 57
58 63
64 67
67 68
69 73
74 74
75 77
80 80
80 80
80 80
81 81
82 84
87 88
89 89
90 90
90 90
94 94
95 96
100 102
103 103
111 115
117 118
119 121
127 128
128 129
132 136
136 140
140 141
142 143
145 149
152 154
154 156
156 156
158 160
160 161
163 163
164 164
165 169
169 170
170 175
178 179
180 180
184 185
186 188
188 188
191 191
192 192
195 196
198 199
199 200
205 207
208 208
210 211
211 211
212 214
214 215
215 218
219 221
223 225
225 227
228 229
230 232
233 233
234 234
234 236
237 239
239 240
240 241
242 242
243 245
247 247
248 248
249 250
252 252
254 254
255 258
261 263
264 265
266 267
268 270
277 277
277 277
278 278
280 286
292 295
295 299
300 301
302 306
307 309
312 316
316 316
320 320
320 320
