31 36
80 115
137 146
197 228
1 178
208 66
80 161
11 233
41 136
3 240
76 94
20 59
204 240
227 6
78 24
240 49
160 39
141 165
188 78
81 208
1 23
231 160
41 80
240 161
152 129
21 91
14 77
113 5
234 53
93 106
143 228
117 22
45 68
161 14
63 35
91 108
121 240
160 53
1 78
142 72
119 135
188 240
101 83
116 77
144 210
161 153
236 73
97 131
160 90
67 240
85 139
1 160
65 144
130 1
165 62
47 78
121 137
1 160
97 240
22 52
63 85
108 228
175 199
1 240
79 157
31 141
109 125
115 66
99 164
1 51
240 81
131 87
146 35
68 104
240 164
194 181
92 161
73 195
110 56
177 115
213 197
65 80
136 97
160 123
177 62
238 20
215 131
83 165
1 240
68 136
51 227
118 169
187 94
216 149
160 177
2 200
127 104
158 186
85 10
111 139
166 189
204 62
118 148
79 47
183 134
196 31
108 12
167 35
74 180
99 160
17 1
161 5
160 80
163 27
75 144
34 240
156 140
1 1
1 1
1 1
1 1
2 5
7 9
9 10
11 11
14 14
15 15
20 20
22 23
24 24
25 28
31 33
33 37
38 41
42 42
42 43
44 45
46 48
49 50
54 55
56 57
61 63
64 68
69 69
69 77
77 78
80 80
80 80
81 82
83 84
85 88
88 90
90 91
94 94
95 96
101 103
104 106
108 112
114 114
116 118
118 121
122 124
125 126
126 128
129 130
131 132
133 135
137 137
139 140
142 143
145 148
149 151
152 154
156 156
157 157
158 158
160 160
160 160
160 160
161 161
162 162
163 164
165 165
169 170
176 179
180 180
181 181
181 183
184 186
186 188
189 189
191 192
192 195
198 198
199 200
201 203
206 207
208 209
210 211
211 212
212 214
215 216
216 217
218 222
224 226
227 227
228 228
230 232
233 233
233 234
236 237
237 240
241 241
242 243
243 245
247 248
249 249
249 251
253 255
255 256
261 263
265 266
266 268
268 271
272 278
278 278
279 279
281 286
289 294
296 299
301 302
304 310
314 316
317 320
