37 80
115 146
198 1
178 208
80 161
234 11
41 136
193 240
3 31
160 76
95 83
20 205
240 227
45 6
240 24
78 217
49 226
160 13
39 141
165 78
189 81
209 1
23 233
160 42
182 80
240 161
31 129
160 21
91 14
77 113
240 5
53 93
106 143
229 22
45 161
63 15
35 91
108 167
121 152
160 54
210 88
1 78
142 72
119 240
160 135
188 91
101 83
116 77
145 211
153 74
97 131
160 90
240 36
67 122
140 85
1 160
66 145
130 1
166 62
47 78
154 122
137 160
240 1
21 53
64 85
108 128
1 49
79 158
31 142
110 126
161 17
116 67
53 101
165 1
81 132
88 240
148 36
105 69
166 195
240 183
93 74
111 197
58 160
233 178
116 199
215 67
139 81
98 161
1 125
240 179
64 217
133 240
111 86
160 167
2 138
70 35
53 189
229 120
171 96
217 76
151 160
39 62
179 101
202 5
25 129
106 160
188 87
13 113
142 169
191 206
46 80
120 65
150 99
160 129
80 49
161 185
137 198
33 110
15 170
5 156
37 76
182 101
65 20
161 85
4 8
204 50
160 165
30 16
77 145
160 80
21 36
240 5
156 25
141 1
1 1
1 1
2 5
7 9
10 10
12 14
14 14
14 16
16 19
20 20
21 22
23 23
25 26
28 31
32 32
32 37
37 38
40 40
42 42
43 43
44 45
46 48
48 50
54 54
55 55
57 58
63 64
65 68
69 69
70 72
77 78
80 80
80 80
82 83
85 88
89 90
90 90
90 94
94 95
96 96
101 102
103 103
106 107
111 112
113 114
115 116
118 118
121 122
122 126
128 129
130 130
131 131
132 133
135 136
137 139
139 142
142 145
148 149
152 153
154 155
156 156
156 156
157 158
160 160
160 160
160 162
162 163
164 165
165 169
169 170
175 176
179 180
180 180
181 182
183 185
185 186
188 188
189 191
191 192
195 197
199 200
200 204
204 204
205 207
208 208
210 210
211 211
212 213
214 214
215 216
218 221
221 222
224 225
225 227
227 228
229 230
232 232
233 233
234 234
237 237
237 238
238 238
240 240
241 241
241 243
243 245
247 249
249 249
249 251
252 253
253 254
255 255
256 256
260 261
264 264
265 266
266 268
269 271
271 273
277 278
278 278
279 280
281 285
286 287
294 297
298 300
301 302
303 303
310 310
311 312
314 316
317 318
320 320
