76 184
115 175
240 93
139 229
70 46
210 161
196 152
81 185
58 223
95 143
212 49
130 192
64 102
41 85
150 240
224 230
36 174
116 55
144 30
75 201
138 161
240 68
91 160
108 25
47 130
84 223
61 164
208 159
18 195
39 76
101 120
145 187
52 134
113 240
11 233
160 70
222 91
136 168
29 208
107 46
1 129
156 195
186 66
82 222
240 19
43 119
145 98
211 62
136 58
203 16
37 240
113 139
190 219
233 76
152 165
93 31
55 146
108 156
127 7
173 206
216 195
44 160
69 100
236 26
56 81
144 114
160 1
95 135
80 212
40 154
19 67
166 205
232 178
221 240
54 127
104 167
83 37
176 19
147 160
78 212
135 117
221 1
63 230
95 39
180 204
54 105
195 240
84 165
77 153
216 23
130 230
44 141
56 67
120 110
103 206
240 81
120 192
199 94
217 174
31 50
162 14
59 1
80 156
207 147
225 37
138 130
119 185
198 50
107 94
229 9
64 78
160 215
19 184
232 38
45 234
124 82
148 212
52 71
111 98
9 61
188 21
234 33
161 168
209 51
160 80
147 113
67 100
12 125
137 187
201 27
38 219
1 53
66 168
175 90
155 80
117 102
131 22
34 212
148 199
78 64
111 132
1 12
225 71
78 86
108 180
171 160
218 37
148 210
198 240
1 186
62 175
80 166
102 94
153 221
114 38
128 51
187 71
160 101
16 111
124 134
32 240
160 80
136 215
160 80
17 86
1 1
2 4
4 5
5 6
7 8
9 10
13 15
16 17
18 21
22 22
23 26
28 28
30 32
33 34
34 34
36 37
38 38
39 40
40 41
42 43
44 45
46 48
48 48
49 50
50 51
54 54
55 56
56 57
58 58
59 59
59 60
62 62
65 65
66 66
67 67
68 69
69 70
71 71
72 72
74 75
77 77
77 77
78 80
80 82
82 83
84 84
84 85
85 87
89 90
90 92
92 92
93 95
95 95
95 96
96 97
99 100
101 101
102 102
103 106
106 106
108 109
110 110
111 111
111 113
114 115
115 118
118 120
120 121
122 122
123 123
124 124
124 124
125 126
127 127
129 129
130 130
131 133
133 134
134 134
136 136
137 138
138 140
140 141
142 143
143 143
144 144
144 144
147 148
149 150
150 151
152 152
153 153
154 154
154 156
157 158
159 161
161 161
161 162
162 163
164 164
165 166
167 168
168 168
168 169
170 171
171 172
173 174
174 175
175 176
176 177
179 179
179 180
182 182
184 187
188 189
190 191
191 191
192 192
192 193
194 194
194 197
199 200
200 202
202 205
205 206
206 207
208 208
209 209
210 210
211 212
216 218
219 221
221 222
223 224
224 225
225 226
226 227
229 229
234 234
236 238
238 238
240 240
240 241
241 241
241 241
243 244
245 248
248 249
253 253
254 257
258 258
259 260
261 262
262 262
264 265
265 270
272 274
274 276
277 278
278 279
281 287
288 290
294 297
302 316
320 320
