32 69
109 120
1 54
80 240
160 47
147 136
37 66
104 217
240 1
23 60
83 146
177 75
44 131
189 240
11 121
38 158
93 55
86 1
224 173
140 183
24 127
72 240
199 114
13 52
99 160
87 213
166 38
220 7
79 180
130 123
29 112
1 60
99 155
210 22
50 165
79 87
176 218
187 225
232 13
130 38
69 112
145 204
101 30
61 160
6 239
94 33
81 109
123 59
137 179
1 72
160 150
205 228
48 62
20 188
240 165
40 96
105 139
86 114
60 126
160 184
78 201
37 225
69 154
6 161
28 140
47 58
160 103
96 149
197 19
83 122
174 69
58 131
160 45
38 67
139 226
7 102
112 231
145 121
213 154
70 237
94 85
177 134
55 19
43 9
106 31
121 224
1 162
185 205
145 101
170 73
129 61
92 108
153 214
234 51
132 35
44 5
17 26
96 194
115 175
239 134
74 160
87 201
45 103
228 57
68 208
9 136
151 183
191 33
234 100
110 214
195 75
160 32
53 59
240 141
8 95
20 80
87 190
110 158
230 139
210 12
50 38
58 127
154 240
98 29
12 84
119 1
161 72
184 147
204 111
212 61
183 240
53 18
187 227
103 141
13 160
198 93
80 150
56 68
116 46
199 225
107 99
132 80
179 69
53 240
5 22
40 216
144 195
133 58
240 28
103 183
125 160
240 18
104 225
160 19
5 1
1 1
1 2
5 8
8 9
12 13
14 18
19 19
19 20
22 24
24 25
29 29
30 31
31 31
32 33
34 37
39 40
42 42
43 43
44 45
45 47
47 48
48 49
52 55
55 55
55 57
57 59
60 60
62 62
63 65
66 68
68 69
70 71
73 73
74 76
76 77
77 77
78 80
80 80
81 81
83 83
83 85
85 86
88 88
88 89
90 92
94 96
96 96
97 97
97 98
98 99
100 100
100 101
101 102
104 105
107 108
108 110
110 111
111 112
112 113
113 114
114 115
115 116
116 119
120 121
122 124
125 125
126 127
127 127
128 128
128 128
129 131
131 132
134 135
135 135
135 136
139 141
141 143
144 144
145 146
146 147
148 148
149 150
151 151
152 153
154 156
156 157
157 157
157 160
161 162
163 163
164 165
166 167
167 167
168 168
170 170
171 171
171 172
173 174
174 174
176 177
177 178
180 184
184 184
185 185
186 187
187 187
187 187
191 192
195 195
195 196
197 200
203 203
203 203
205 206
207 208
211 212
215 216
216 216
217 219
222 222
223 224
225 225
227 231
232 234
236 236
237 237
238 238
240 240
241 241
242 242
242 243
245 245
245 246
246 247
247 248
250 252
255 257
257 257
259 259
259 261
263 266
268 269
270 273
273 274
275 275
276 277
278 282
287 289
290 293
300 301
304 305
306 307
310 316
319 320
