28 109
211 140
240 200
1 51
191 178
100 130
160 168
18 86
57 38
80 138
210 240
106 8
29 195
72 160
184 1
100 169
21 44
156 94
240 61
117 147
203 36
85 134
11 30
176 52
113 160
74 149
2 99
140 229
240 21
67 43
192 185
130 89
60 160
167 121
16 34
82 216
110 147
140 226
238 50
72 191
130 173
98 7
32 161
206 121
89 221
66 81
108 154
26 227
239 3
44 92
141 169
183 118
197 131
240 60
122 210
22 38
108 1
80 3
18 99
155 225
51 145
164 198
118 185
235 137
96 127
213 45
64 15
77 1
86 198
105 116
161 154
31 53
141 180
127 232
77 188
105 25
217 8
96 196
65 160
1 42
168 52
30 177
22 210
80 127
151 141
1 11
190 112
234 100
77 66
88 161
56 49
176 220
38 156
200 1
26 129
117 147
162 108
186 92
235 101
151 6
36 43
51 62
74 83
169 19
230 129
159 142
215 172
81 101
113 24
1 12
138 65
39 53
239 160
89 154
130 240
161 8
175 108
114 31
39 240
49 99
149 64
77 141
120 235
164 4
192 211
80 27
160 16
37 54
105 68
113 93
207 236
80 151
46 172
68 137
21 7
126 164
106 115
235 73
160 240
11 147
184 134
17 121
203 28
37 80
110 101
49 87
160 62
153 185
8 80
123 231
207 36
25 160
46 59
107 196
220 141
186 10
24 125
175 80
48 36
71 9
23 178
236 51
72 156
1 29
72 160
103 58
160 82
1 1
1 2
2 3
4 4
4 6
7 8
8 9
11 14
15 16
19 19
19 19
20 21
21 21
23 23
23 25
26 27
30 30
30 31
31 32
32 32
34 36
37 37
40 41
41 43
44 44
45 45
46 49
50 50
50 51
51 53
53 54
55 57
58 58
58 59
61 63
63 64
65 65
67 67
68 69
70 70
71 71
72 73
73 73
74 76
77 77
78 80
80 80
81 81
81 83
83 83
84 84
84 85
85 86
86 88
89 89
90 90
90 91
91 96
96 96
96 96
97 98
98 98
100 100
100 102
104 104
105 106
106 108
109 110
110 110
112 113
113 114
116 116
116 116
117 117
118 118
119 121
121 123
123 123
125 126
127 127
129 130
131 132
133 133
134 134
134 135
136 137
137 138
138 140
141 142
142 142
143 144
144 145
147 148
148 149
150 151
153 153
154 156
156 158
158 160
160 161
161 161
161 161
161 161
162 163
164 165
165 166
166 168
173 173
173 175
176 176
176 177
178 178
178 179
180 183
185 185
187 191
191 192
192 193
193 193
194 194
195 196
198 201
202 202
204 206
206 206
208 209
209 210
211 211
212 213
213 214
215 217
220 220
223 224
225 225
227 228
228 230
232 232
234 236
236 237
240 240
241 242
246 246
246 248
248 248
248 250
251 251
252 253
254 258
260 261
261 261
262 263
264 264
265 266
266 269
269 274
274 277
278 278
278 279
280 282
282 290
292 293
293 296
299 300
302 307
311 311
312 313
316 317
