26 88
73 205
135 190
240 1
101 181
61 161
233 34
81 195
75 80
1 28
181 240
46 161
67 218
16 160
121 198
81 34
113 8
240 226
80 175
216 136
25 161
100 199
64 150
189 16
86 178
8 57
207 30
109 164
72 1
24 126
240 47
38 232
47 94
137 142
182 211
224 170
14 61
37 127
159 204
111 240
151 7
56 231
33 142
80 161
102 3
47 199
214 240
95 152
234 20
45 62
81 172
145 110
41 220
133 240
1 161
154 233
34 76
52 208
120 240
196 93
168 178
185 69
159 114
28 81
108 174
193 201
168 240
160 39
71 129
141 237
93 61
17 174
209 118
183 6
81 191
52 76
239 38
156 66
7 30
177 18
216 81
114 80
66 101
1 56
45 167
136 206
1 121
240 160
103 23
43 57
70 83
208 216
6 127
116 80
171 63
43 235
139 8
240 43
97 56
76 158
87 128
136 181
200 7
172 33
128 26
43 104
78 160
1 184
7 154
80 95
142 13
27 130
119 36
161 193
145 69
82 1
180 209
14 22
36 201
47 195
240 87
160 58
1 72
139 184
211 123
200 35
45 102
160 71
81 240
190 6
180 220
168 59
70 84
196 154
237 1
180 22
78 161
48 37
55 1
1 3
3 6
6 9
10 10
11 13
13 15
17 18
23 25
25 26
26 26
27 30
30 32
33 36
36 37
37 41
42 42
44 45
46 48
48 48
50 51
53 54
57 58
60 60
61 63
65 69
69 69
70 71
71 75
76 76
76 76
77 80
80 81
81 81
81 81
81 81
85 86
86 87
88 89
91 93
93 95
96 97
97 99
99 100
101 103
106 107
108 108
108 109
111 111
114 114
114 115
115 117
119 121
122 123
123 124
124 127
127 129
131 132
132 136
136 137
138 138
138 138
139 142
144 145
149 151
154 154
154 156
156 157
160 160
160 161
161 162
163 165
165 165
166 166
167 167
168 170
171 171
174 174
176 177
177 177
179 180
181 185
186 187
187 189
189 190
190 195
196 198
199 201
202 203
204 204
204 204
205 208
213 214
215 216
219 219
220 221
221 227
229 234
235 235
236 236
236 237
241 241
241 241
243 243
247 247
248 250
250 252
253 256
257 258
258 260
260 260
262 264
264 266
268 269
270 272
273 273
274 275
276 277
278 280
280 282
282 282
283 283
284 286
286 287
287 289
291 293
294 294
295 295
296 296
297 298
301 301
302 305
307 309
309 309
311 311
312 314
317 317
317 318
320 320
