26 64
94 132
188 1
173 125
20 160
240 37
59 81
110 8
75 189
103 25
160 165
45 125
218 208
230 240
151 198
89 16
118 188
53 178
34 134
80 102
167 6
68 220
236 97
152 1
196 46
92 113
20 60
179 14
172 36
125 158
215 223
54 235
74 189
104 4
99 182
139 161
172 67
240 22
44 1
222 81
123 156
61 83
112 140
36 173
204 219
161 130
224 51
75 14
99 122
183 196
162 90
210 142
68 216
115 1
26 45
240 124
198 160
166 175
82 186
59 76
148 21
37 135
1 72
99 240
164 158
182 240
81 17
120 150
63 132
199 33
57 81
110 164
229 173
27 182
213 81
159 11
191 237
69 147
1 36
168 26
182 206
106 3
81 88
156 74
174 60
66 215
192 52
136 160
240 1
39 129
175 11
115 3
23 109
97 155
68 79
89 1
54 24
33 132
213 39
161 121
111 205
80 236
28 4
61 42
138 80
238 122
106 7
28 74
150 21
56 175
83 240
171 1
121 160
101 1
80 84
27 43
11 149
174 136
161 6
80 240
42 60
31 123
165 200
215 237
17 194
114 101
149 48
80 184
56 61
223 129
1 119
18 109
198 161
23 27
191 44
56 75
68 82
181 229
132 161
6 109
99 87
33 80
191 239
182 134
172 210
160 42
80 57
240 139
186 125
171 228
3 22
111 31
36 160
60 80
82 1
240 7
80 37
32 213
231 240
23 1
1 1
1 1
3 4
6 7
9 9
10 11
11 14
16 16
16 19
22 23
23 25
25 26
27 27
27 29
29 30
31 31
33 34
35 36
36 37
38 40
41 42
42 42
45 45
46 46
47 49
49 50
51 52
55 55
56 56
58 58
58 60
60 64
64 65
66 66
66 67
68 69
71 71
72 74
76 76
77 77
77 78
82 82
82 83
83 83
85 86
88 88
89 89
90 91
93 95
95 96
97 97
98 99
99 102
103 104
104 104
106 106
108 109
109 110
110 112
112 112
114 116
118 120
121 121
121 124
126 126
126 127
128 128
128 131
131 131
135 135
135 136
136 137
138 140
140 140
141 141
142 143
143 144
145 146
150 150
153 153
154 155
156 157
157 157
160 160
161 161
161 162
163 163
163 164
165 165
165 167
168 170
171 171
172 174
174 177
177 177
178 178
180 180
180 180
182 185
186 189
189 191
191 193
194 194
195 195
204 204
205 206
208 209
210 210
211 211
211 212
217 218
219 222
222 224
225 225
225 226
227 228
231 236
237 237
238 238
238 240
240 241
241 241
241 241
241 242
242 243
244 247
248 248
250 252
252 253
254 255
257 258
258 258
259 261
262 262
263 263
263 264
265 267
267 268
270 271
273 275
276 277
277 278
278 283
284 286
289 290
291 292
293 295
296 296
301 301
302 303
303 303
304 305
305 306
306 309
311 313
314 316
317 318
318 318
318 319
