1 86
130 136
238 45
14 160
240 66
222 145
81 120
2 79
240 164
196 45
94 9
65 219
35 81
240 122
161 1
52 108
22 68
17 134
43 80
240 160
179 70
192 60
98 137
158 81
240 78
83 38
191 200
240 235
139 160
39 68
96 211
16 81
117 161
181 240
8 56
199 1
30 78
53 139
161 105
99 173
80 62
72 22
181 46
82 240
1 156
70 124
161 17
105 206
80 33
94 160
87 11
57 162
240 121
115 141
204 108
1 66
46 90
156 22
69 13
122 227
239 149
28 48
219 160
2 80
47 65
175 232
161 35
148 183
195 212
221 14
26 117
45 160
7 101
240 95
89 134
219 82
74 201
58 44
160 28
9 94
2 81
238 72
1 23
11 101
5 81
240 83
115 1
68 160
45 136
236 2
132 240
80 66
1 47
4 64
110 160
46 237
13 26
132 199
161 86
74 126
216 240
2 63
44 15
113 171
145 19
25 101
240 92
72 81
160 123
2 60
153 8
19 38
192 95
240 80
128 165
67 161
13 50
202 154
146 97
188 240
135 87
174 223
1 124
44 22
208 151
81 99
90 136
192 161
240 1
82 18
64 160
81 2
32 91
196 1
1 1
1 1
7 11
13 13
14 14
16 17
23 24
25 25
27 28
30 34
35 35
37 38
39 39
40 41
42 45
45 48
49 52
52 53
56 56
57 58
61 61
65 65
67 67
69 72
76 77
78 78
78 79
80 82
82 83
83 83
83 84
85 87
87 89
89 90
91 91
94 94
94 96
96 96
98 99
99 100
103 103
104 104
105 106
106 107
107 109
110 111
113 113
113 117
118 118
119 120
122 122
123 125
126 127
127 127
129 130
130 131
132 132
133 136
138 138
139 143
144 145
145 145
146 147
151 156
156 158
158 159
160 160
160 160
160 160
161 161
161 163
163 164
164 164
165 166
168 168
170 171
171 176
177 177
178 180
181 183
188 188
191 194
195 196
196 198
199 200
207 208
209 209
213 214
214 214
215 220
220 223
224 225
227 231
231 234
236 240
240 241
241 241
241 242
243 244
244 244
246 247
247 250
251 251
252 253
254 254
254 254
257 260
260 260
262 263
263 264
265 265
265 269
270 270
274 275
275 277
277 279
279 279
280 285
287 287
287 288
289 290
290 291
293 294
295 296
298 301
301 303
303 303
305 305
306 306
307 308
309 317
318 320
320 320
