4 39
80 125
176 17
159 55
94 240
1 70
110 145
221 134
46 80
27 11
61 198
122 155
167 74
95 240
38 144
214 53
89 113
71 19
182 4
193 32
50 235
166 205
127 101
160 79
213 119
62 144
13 27
34 42
93 75
192 134
109 160
48 8
36 126
207 152
173 161
240 50
84 185
67 99
136 194
1 33
115 19
231 203
75 93
164 110
240 41
53 138
28 223
123 6
188 203
39 69
85 125
164 27
51 156
98 180
117 79
193 140
10 37
201 227
49 22
62 130
168 93
208 8
77 160
234 217
104 117
197 47
59 72
134 1
88 20
34 111
174 206
219 161
102 125
148 185
86 72
214 157
46 18
57 33
81 100
201 3
129 73
118 156
187 18
177 61
81 220
155 30
47 16
115 3
98 168
85 218
210 18
198 231
128 46
72 113
178 134
190 35
60 216
224 100
205 17
126 45
121 152
86 185
240 161
10 115
155 192
102 138
164 203
212 225
233 133
87 19
61 173
33 73
4 104
146 49
208 196
240 120
142 156
21 182
161 94
111 35
80 7
205 54
65 145
165 160
230 40
9 119
150 170
104 215
87 195
58 73
185 239
132 28
156 176
113 200
17 63
93 6
42 141
160 182
53 68
206 80
146 85
120 25
13 193
102 131
58 75
221 90
152 111
179 31
62 162
48 229
81 139
193 20
118 146
240 67
173 101
126 13
74 81
156 90
209 219
29 37
101 185
160 134
110 226
1 68
144 158
81 38
173 8
206 237
104 167
58 155
131 80
175 222
49 240
16 141
94 118
161 4
154 238
60 199
74 163
132 30
108 52
216 86
17 115
193 151
66 161
231 46
99 125
75 56
88 240
38 149
122 100
49 135
73 173
111 145
37 184
224 240
154 1
1 1
1 1
4 4
5 6
6 8
9 11
11 12
15 16
16 17
18 18
19 21
22 22
23 23
24 25
25 25
27 27
27 28
29 30
32 32
34 34
34 35
35 36
38 38
39 39
40 43
43 44
44 45
45 46
47 47
48 49
49 51
52 52
52 52
54 54
55 56
57 58
58 59
59 60
60 62
62 63
64 64
65 67
68 68
69 70
71 72
72 75
75 77
78 78
80 81
81 81
82 83
84 84
84 86
86 88
89 89
90 91
92 92
93 96
97 97
97 97
98 98
99 99
100 100
104 105
106 107
108 108
108 108
109 110
111 111
112 114
114 114
115 116
117 117
118 119
120 120
121 122
123 123
124 125
126 126
127 127
128 128
128 128
132 132
133 134
134 136
137 137
138 138
141 142
142 143
143 144
145 145
145 146
147 147
147 147
148 148
149 149
151 151
152 152
153 153
154 154
154 155
155 155
156 158
160 160
160 161
161 161
161 161
161 161
162 163
164 164
164 165
165 166
166 166
167 167
168 168
169 169
170 173
173 174
175 175
176 176
177 177
178 178
178 178
182 182
185 186
186 187
187 188
188 189
189 190
190 190
190 192
195 195
195 196
197 198
198 200
201 201
201 203
204 205
206 206
207 207
209 209
211 213
213 214
214 216
216 216
217 217
219 220
222 222
223 224
224 225
225 225
227 229
230 231
233 233
234 236
237 237
237 238
240 240
240 241
241 241
241 242
243 244
245 246
246 247
247 248
251 251
252 252
252 254
254 255
255 258
259 260
261 263
263 264
264 265
265 265
268 270
270 271
271 272
273 274
276 276
277 277
279 280
283 283
284 285
287 287
288 288
289 292
295 297
297 299
300 303
305 306
306 308
308 311
311 312
312 313
313 317
