13 47
65 129
238 81
101 27
59 78
165 177
119 196
206 147
220 39
90 22
69 134
81 103
160 176
240 17
33 122
153 201
1 93
58 214
13 71
110 137
179 26
43 101
128 189
240 61
8 160
74 218
171 223
148 113
19 34
52 137
237 1
84 66
200 78
125 156
216 99
168 44
225 146
27 59
92 115
181 76
13 194
237 39
55 130
86 206
8 214
103 160
81 21
121 34
66 184
44 97
145 4
193 240
79 15
30 135
200 52
111 75
208 128
240 163
173 59
152 106
13 70
87 186
194 26
39 137
232 56
117 203
11 134
24 78
45 96
125 165
216 112
157 176
57 149
5 34
139 224
195 56
120 43
203 72
32 87
4 238
126 56
165 157
181 17
100 119
41 81
193 141
1 201
227 27
14 53
65 133
168 209
235 79
94 176
154 218
144 11
24 105
52 62
118 240
198 74
136 89
112 207
174 163
240 22
104 127
149 50
186 216
88 8
37 73
60 158
192 201
22 77
35 89
102 119
131 156
189 80
66 207
221 233
178 8
156 192
23 116
39 220
87 101
234 51
168 200
76 63
129 191
115 135
178 227
23 207
102 89
127 187
152 238
24 10
216 38
117 165
66 91
53 77
134 174
147 199
26 13
121 143
156 40
183 1
58 83
97 113
69 208
167 15
29 147
237 45
4 192
121 220
62 77
90 106
173 153
48 22
134 10
159 67
116 206
96 57
144 43
165 1
72 17
29 187
212 88
150 18
44 182
5 62
106 135
186 198
80 227
35 94
157 116
24 66
184 53
237 85
166 143
199 123
151 202
107 178
49 63
19 33
78 133
161 96
226 192
115 140
235 41
72 10
81 161
150 109
193 131
161 174
83 99
18 138
53 5
183 42
161 235
67 148
124 222
78 32
160 207
55 170
138 112
90 69
199 47
160 104
80 169
189 231
58 161
38 91
115 1
1 1
1 1
2 3
5 6
6 6
7 8
8 9
11 11
12 12
13 14
15 16
17 18
19 19
21 21
21 21
21 22
23 24
24 27
27 29
29 31
33 34
34 34
34 35
36 38
39 40
40 41
42 43
44 46
47 47
47 47
48 48
50 50
54 54
54 54
55 55
56 57
58 59
59 59
59 59
60 61
63 63
65 65
65 66
66 69
69 71
71 72
73 73
74 74
75 76
76 76
78 78
78 79
81 81
81 81
82 82
83 83
85 85
86 86
87 87
88 90
90 90
90 91
92 92
93 94
96 96
96 97
97 99
99 101
101 101
101 101
102 102
102 103
103 105
105 105
105 107
108 108
110 111
112 113
113 115
115 116
117 117
118 118
119 119
121 122
122 122
123 125
125 125
126 127
127 128
128 130
130 131
132 132
132 135
135 137
138 138
138 139
139 139
139 140
141 142
143 146
146 148
149 149
150 150
150 150
151 151
151 152
153 153
153 154
154 157
158 160
160 161
161 161
161 161
161 161
162 163
163 164
165 166
167 170
171 172
172 174
174 175
175 175
176 176
177 178
179 180
180 181
181 181
181 182
184 185
187 187
187 188
190 191
192 192
193 193
194 195
195 196
196 196
197 199
199 200
202 202
202 203
204 205
207 207
207 207
207 208
208 210
211 211
211 212
213 214
214 217
218 219
219 219
219 219
220 221
224 224
225 226
227 227
228 231
232 232
233 233
234 234
236 236
236 236
238 238
241 241
241 242
244 244
244 244
244 245
246 247
247 248
249 250
250 250
251 252
253 253
255 257
259 260
261 262
262 263
264 265
265 265
266 267
268 268
269 272
272 272
273 273
274 276
276 277
280 280
282 283
283 284
284 285
286 287
289 289
290 290
290 292
292 293
295 296
298 298
298 300
300 301
302 304
308 309
310 311
313 314
314 314
316 317
317 320
320 320
