32 89
110 116
142 205
236 99
240 52
130 9
160 80
153 226
1 23
68 160
37 110
14 57
88 212
27 149
6 75
106 114
228 19
170 206
125 36
137 177
52 153
240 219
106 190
9 81
158 49
228 72
171 20
203 135
1 60
92 105
151 35
191 14
161 215
240 81
51 28
119 224
11 130
173 73
142 22
180 65
238 150
96 40
90 18
58 112
121 195
3 33
166 130
223 15
72 137
203 48
160 145
240 180
231 65
81 90
100 111
159 43
123 238
24 38
132 75
8 194
169 219
19 54
72 141
179 16
103 154
227 63
95 114
34 50
87 209
77 185
1 161
58 235
196 215
141 10
148 26
65 174
103 95
224 120
202 39
86 160
57 132
79 21
140 165
232 71
191 217
107 148
240 4
34 116
173 19
93 156
83 223
45 58
137 182
202 1
15 75
30 228
81 53
146 102
114 195
213 88
176 43
66 125
155 28
98 15
1 132
205 212
232 140
164 43
70 106
185 16
59 81
97 237
3 35
147 29
85 118
171 182
203 193
161 213
222 96
127 132
57 80
234 201
159 219
108 172
28 41
140 85
16 56
69 119
75 2
165 147
191 181
43 68
93 217
127 29
133 154
174 200
58 105
209 31
75 114
17 183
231 47
87 138
151 62
97 214
191 36
53 8
22 146
161 87
73 172
235 61
112 157
15 29
45 181
204 1
124 233
73 98
54 117
160 143
4 34
237 82
102 9
125 209
148 87
165 208
26 81
112 134
214 235
44 73
228 16
124 31
163 202
94 53
222 121
3 240
103 172
22 80
60 240
89 151
7 223
115 14
69 203
97 32
85 127
161 52
227 76
214 169
8 155
140 128
240 81
96 109
166 154
34 213
1 18
73 192
117 170
34 59
3 158
94 12
105 73
47 160
24 195
80 236
57 4
38 103
123 160
167 86
1 1
1 1
1 1
1 2
2 3
3 4
4 5
6 7
9 9
10 11
13 13
15 16
16 17
19 19
22 22
24 25
26 28
28 28
29 30
30 30
33 34
34 35
36 36
37 37
37 39
40 41
42 44
44 45
47 48
49 49
49 50
50 51
51 52
52 53
54 55
56 56
57 58
58 59
60 62
62 63
63 64
65 66
67 68
68 69
70 70
72 72
72 73
73 75
75 75
75 76
76 77
77 78
78 80
80 81
81 81
82 83
84 84
86 86
86 87
88 88
89 89
91 91
91 91
94 95
95 95
95 96
96 96
97 97
97 98
99 99
100 100
102 102
105 105
106 109
109 110
110 110
111 112
112 113
113 114
115 115
116 116
117 119
120 120
120 122
122 124
125 125
125 126
127 127
127 128
129 130
132 133
134 135
135 135
135 137
137 137
139 139
140 141
141 143
143 144
144 145
145 146
146 147
147 148
149 150
151 152
153 153
153 154
154 156
156 156
156 157
157 157
158 158
160 160
160 161
161 161
161 161
161 162
163 164
164 165
165 167
168 168
168 169
170 170
171 171
172 172
173 175
176 176
176 176
177 178
178 180
180 181
182 183
183 183
184 185
188 188
188 188
189 190
191 192
192 193
194 195
195 196
196 196
197 198
199 201
202 204
204 205
205 205
206 207
209 209
212 214
216 216
217 217
217 217
217 218
220 220
221 223
224 224
224 225
226 229
229 230
232 233
233 233
234 236
236 236
237 240
240 241
241 241
242 243
243 244
244 245
245 245
246 247
247 248
249 250
251 251
252 254
257 257
258 259
260 260
261 264
265 265
266 267
267 268
268 270
270 271
271 272
274 274
277 280
280 282
282 282
282 283
284 284
285 285
285 285
288 290
291 293
294 296
297 298
300 301
302 303
305 305
306 306
309 310
313 314
314 314
316 317
