45 89
120 148
183 240
160 142
23 66
173 39
85 166
106 18
152 80
195 227
240 57
123 182
33 95
170 137
70 113
1 106
154 162
15 84
46 124
191 219
225 240
233 144
9 26
59 94
134 111
160 240
53 72
151 34
103 125
223 240
18 83
172 118
62 161
46 132
77 240
29 91
150 59
107 41
10 177
121 81
100 54
162 23
135 240
220 3
185 49
80 65
125 16
102 202
210 46
240 160
117 220
26 232
59 155
240 11
75 93
129 192
40 106
213 144
23 7
168 51
67 85
232 240
116 36
98 156
186 131
199 1
77 177
146 125
30 60
91 107
212 16
45 167
71 159
26 134
41 114
215 54
67 176
99 240
8 21
80 231
110 128
37 238
49 64
1 75
20 159
194 81
183 94
31 119
133 3
103 240
168 73
234 90
148 45
111 58
196 129
157 80
144 180
91 171
240 68
54 139
90 240
79 106
4 120
151 12
24 53
67 136
159 197
213 38
80 188
90 180
224 240
151 76
116 9
35 166
87 49
230 100
200 208
7 188
240 140
216 32
230 1
46 152
59 81
97 111
126 240
81 147
207 29
138 160
182 84
240 110
96 193
43 138
160 30
13 81
192 211
70 44
240 28
56 136
202 123
9 73
85 98
150 170
57 84
137 222
45 160
239 18
81 214
71 200
162 4
30 100
124 174
191 14
88 168
221 233
73 30
180 197
141 61
156 50
91 131
104 148
15 37
199 236
181 240
64 79
225 161
214 155
95 139
124 168
238 57
1 19
148 45
129 205
188 229
177 90
104 6
35 116
64 182
157 1
78 229
96 111
167 28
127 10
70 81
148 100
199 118
163 176
240 157
76 184
141 95
37 165
53 128
1 32
63 148
161 173
210 240
14 81
189 106
45 198
1 1
1 1
1 1
2 3
4 4
4 7
7 7
8 11
11 12
12 12
12 13
13 14
15 16
17 18
19 19
22 22
22 22
23 24
25 25
25 25
26 26
27 28
29 29
29 32
33 35
35 35
37 38
38 39
39 39
40 40
41 41
41 43
46 46
47 48
49 49
50 51
51 52
52 54
55 55
57 59
60 61
61 62
62 62
63 64
65 67
67 68
68 72
73 74
74 75
76 77
78 78
80 80
81 81
81 82
82 83
83 83
85 86
86 89
90 91
91 93
93 93
93 93
94 96
96 98
98 99
99 102
102 102
103 104
105 105
105 105
105 108
108 110
111 113
115 115
116 117
118 120
120 120
121 121
122 122
122 122
124 124
125 126
128 128
129 129
130 130
130 131
131 133
135 135
135 136
136 136
137 139
139 141
141 144
144 145
145 146
146 147
147 147
149 149
150 151
153 154
155 156
157 157
158 158
158 161
161 161
161 161
161 161
161 162
162 162
163 164
164 165
166 168
168 169
172 172
173 174
174 175
175 176
178 179
181 182
182 183
183 184
184 184
185 185
185 185
188 189
190 191
192 194
195 195
195 197
197 198
199 199
200 206
206 207
208 208
209 209
212 215
216 218
219 220
220 221
222 222
222 224
225 226
228 229
230 231
232 236
236 237
237 237
238 238
239 240
240 240
240 240
240 241
241 241
241 241
243 244
244 244
245 246
247 250
251 251
252 252
254 254
254 254
255 255
257 258
258 259
259 262
264 264
265 267
269 270
272 272
272 273
275 275
276 276
277 278
279 280
280 280
283 283
284 286
286 287
289 290
290 291
292 293
294 294
294 295
297 299
299 300
301 303
304 304
306 309
310 310
312 312
315 316
316 316
316 316
316 316
317 317
317 318
320 320
