85 150
200 170
240 230
38 124
19 64
103 193
55 79
142 185
161 117
203 78
154 29
131 240
46 61
172 92
193 18
106 72
55 183
38 141
209 160
200 100
120 174
11 151
49 192
222 31
81 131
64 167
144 211
110 181
43 93
126 22
199 76
156 106
139 226
88 170
37 56
117 162
184 102
240 69
160 11
203 33
49 81
127 174
97 113
137 9
151 62
166 43
94 183
129 205
26 107
73 178
240 1
142 155
87 194
14 18
81 164
187 212
70 134
54 99
115 147
205 235
83 67
160 180
227 33
126 174
196 156
47 140
109 11
77 216
63 93
167 29
119 208
240 183
233 42
162 201
73 89
23 147
177 3
102 116
124 215
55 68
84 157
171 20
39 208
240 97
112 123
232 67
142 1
182 152
217 78
196 50
163 121
160 15
177 205
237 93
192 229
33 65
106 220
140 200
61 76
12 116
187 87
102 46
154 126
169 207
237 9
27 115
227 138
182 71
85 198
220 164
123 213
13 55
70 210
24 82
109 135
148 176
96 162
234 203
3 37
14 223
186 53
198 145
1 217
79 107
158 173
93 16
24 194
36 184
228 206
50 1
171 76
158 240
133 59
105 120
143 12
210 90
36 184
159 24
238 75
224 44
59 117
197 40
9 90
24 170
73 102
40 133
158 196
216 120
146 54
184 39
104 132
231 172
22 77
213 219
240 172
91 119
148 135
80 188
161 202
235 227
39 107
75 194
178 95
138 151
172 158
225 233
20 218
189 39
207 110
126 201
71 57
230 84
159 186
40 170
141 212
235 114
193 23
101 60
89 175
42 221
239 28
136 150
163 78
225 200
107 47
61 122
96 183
211 141
157 234
192 144
113 217
80 239
101 163
172 70
86 199
55 226
118 138
177 156
207 78
170 234
94 105
61 190
213 148
161 44
85 198
81 103
173 70
161 238
204 192
53 178
230 1
1 1
2 2
3 4
4 5
5 5
5 7
7 7
8 9
11 12
13 13
14 15
15 16
16 16
18 18
20 21
22 23
23 24
24 24
25 28
29 29
29 30
30 31
31 31
32 32
33 34
34 36
36 38
38 39
39 40
41 41
42 42
43 43
45 46
47 48
48 49
51 51
52 52
54 54
55 55
57 57
57 57
57 59
59 59
61 63
64 65
67 67
67 69
69 71
71 72
72 72
73 73
75 77
77 81
81 81
81 81
81 82
83 84
84 84
84 86
86 87
88 88
88 90
91 91
92 92
93 94
94 95
96 97
98 99
99 99
101 101
101 102
103 103
105 105
105 107
108 109
109 109
110 110
110 111
112 114
114 116
116 116
117 117
117 117
118 118
118 118
121 121
123 123
124 124
126 127
128 128
129 131
132 133
133 133
134 134
134 135
135 135
136 137
138 140
140 141
141 141
142 144
145 145
146 146
147 149
150 150
150 150
151 151
152 152
152 153
154 158
158 160
160 161
161 162
162 162
162 162
163 164
164 164
165 166
166 167
167 168
169 169
172 173
173 174
174 174
174 175
176 176
177 179
180 180
181 183
184 184
185 185
185 186
187 187
187 187
188 190
191 192
192 193
194 194
195 195
199 200
201 202
203 205
205 206
208 209
209 210
211 211
211 211
212 213
214 217
218 218
218 218
220 222
225 226
226 226
227 228
228 228
230 231
231 232
233 234
235 236
236 238
238 240
241 241
241 241
242 242
242 243
243 244
245 246
248 248
248 249
250 251
252 252
252 253
253 254
256 258
260 260
261 261
264 264
264 265
265 266
268 268
269 269
271 272
273 274
277 277
277 278
278 278
279 279
279 283
284 285
285 287
287 288
288 290
291 291
292 294
294 295
299 299
300 300
301 302
303 304
306 307
307 307
310 310
312 312
312 314
314 314
316 316
316 317
318 320
320 320
