12 33
66 90
165 173
178 197
108 139
46 189
82 59
128 24
97 240
6 39
233 116
161 53
71 174
20 194
143 1
86 106
31 63
100 15
160 224
240 231
118 150
42 10
27 65
160 168
219 80
176 7
98 240
186 44
121 20
198 56
93 158
70 214
1 85
108 219
133 79
102 190
240 48
12 28
62 198
121 151
160 74
95 204
210 142
40 89
111 71
221 54
189 132
81 240
6 51
33 123
202 98
149 77
117 44
141 162
179 29
37 61
110 15
92 74
130 196
223 230
71 85
202 26
37 123
160 10
148 238
56 97
66 132
188 78
111 35
198 227
91 120
160 172
106 152
6 144
235 19
135 54
114 217
30 101
1 196
15 68
83 40
122 203
160 152
240 177
29 96
142 53
113 67
134 188
213 79
13 38
219 127
161 23
49 62
90 192
204 170
76 149
10 117
227 100
138 112
211 240
59 131
193 72
235 87
8 21
35 218
108 159
169 202
143 97
121 180
208 218
240 1
72 83
154 47
57 19
34 125
186 205
65 118
227 5
160 195
216 98
53 75
81 153
239 18
139 172
201 225
150 32
112 186
240 5
163 212
84 17
194 111
131 36
48 73
173 225
161 232
61 218
98 200
147 182
19 47
158 1
86 233
115 160
206 135
87 22
34 63
168 7
51 138
192 118
234 151
213 24
177 110
94 11
55 67
142 161
240 193
222 234
174 180
26 42
118 147
167 75
1 87
193 210
58 41
130 80
240 153
111 195
172 19
207 216
64 85
164 6
93 138
157 240
48 188
53 179
61 68
76 153
40 172
201 143
119 85
94 220
240 25
167 40
161 102
130 152
188 14
59 75
1 91
111 239
175 212
31 62
158 19
50 81
138 90
5 77
225 118
195 144
185 37
68 203
103 161
170 81
233 57
75 126
89 153
28 14
47 109
133 181
213 161
220 67
81 90
117 141
36 5
22 169
195 123
231 151
185 92
114 129
55 77
86 172
209 13
46 240
182 27
198 93
138 115
220 81
161 238
173 58
70 120
150 1
26 160
193 49
103 11
83 175
136 157
62 73
81 188
209 1
1 1
1 1
1 1
1 2
2 3
3 4
7 7
8 8
8 9
11 11
12 12
13 13
13 14
15 16
17 18
18 20
20 22
23 23
23 23
24 26
26 28
30 30
34 35
35 35
36 36
38 38
38 39
40 40
42 42
43 43
44 45
46 48
49 49
49 51
52 52
52 53
54 55
55 55
56 58
58 58
59 59
60 61
62 63
63 63
64 64
65 68
69 70
70 71
71 72
72 72
74 75
76 76
78 78
78 80
81 81
81 81
82 82
83 84
84 84
85 87
87 88
89 89
89 89
90 90
91 92
94 95
95 96
99 99
100 101
101 104
104 104
104 105
105 106
106 106
107 108
109 110
111 112
112 114
115 116
117 117
118 118
118 119
120 120
121 122
122 122
123 123
124 125
125 125
126 127
129 129
130 133
134 134
134 134
134 134
135 136
136 137
137 137
139 139
140 140
140 144
144 144
145 145
146 147
147 147
147 148
150 150
150 151
152 152
154 156
156 156
157 157
157 157
158 158
160 160
161 161
161 162
162 162
163 163
163 163
164 165
165 165
166 166
167 167
167 167
170 172
174 174
174 176
177 178
179 180
181 181
182 182
183 183
183 183
183 184
184 185
187 188
188 189
190 191
191 191
192 192
192 194
196 196
197 199
200 200
200 200
201 203
204 204
205 205
206 206
209 209
210 211
213 213
213 213
214 214
215 216
217 219
219 220
220 221
223 223
224 225
225 225
225 226
227 228
229 229
230 231
231 232
233 234
234 235
235 235
236 236
236 237
237 238
238 240
240 241
241 241
241 242
242 242
243 244
245 245
245 246
247 248
249 249
250 250
250 250
251 251
251 253
253 255
255 256
256 257
257 258
260 260
260 261
262 263
263 263
264 264
265 265
268 268
268 269
269 269
270 270
271 272
272 274
274 275
277 277
278 278
278 279
280 281
282 282
282 283
283 284
285 287
287 287
289 289
290 291
292 292
293 294
294 295
295 295
296 296
296 298
299 299
300 300
301 301
302 302
302 304
305 305
305 306
307 309
309 310
311 311
312 314
314 315
317 318
320 320
320 320
