1 96
111 128
78 160
201 240
41 148
216 160
188 80
12 1
66 175
160 50
80 127
240 92
214 55
240 104
78 33
21 160
66 233
52 80
91 35
160 240
71 62
13 143
53 1
45 80
232 160
240 33
150 134
172 24
203 66
190 15
109 76
226 237
50 81
91 158
165 4
144 41
205 223
22 63
160 240
89 17
145 50
174 182
121 77
40 109
225 240
209 28
98 160
58 150
141 128
216 50
122 6
76 112
240 39
232 25
66 152
169 58
92 127
180 195
214 116
9 80
231 48
167 160
69 105
22 140
36 133
57 95
198 187
213 240
231 122
173 86
159 46
25 145
104 240
132 70
197 211
226 97
175 160
38 59
3 112
86 22
192 204
158 181
240 102
176 14
219 43
121 200
55 189
19 81
157 47
112 184
129 31
222 233
150 212
58 178
9 43
199 165
22 194
81 136
224 97
187 1
160 235
33 213
178 92
59 73
11 198
104 68
52 81
190 228
240 147
161 3
207 17
80 142
31 184
123 158
137 200
238 219
76 25
90 240
78 156
35 161
180 196
81 1
236 117
49 219
84 134
234 98
16 240
145 160
218 68
20 1
169 220
236 210
12 183
90 160
77 166
1 126
40 52
198 89
225 27
113 72
81 157
208 236
1 1
1 1
2 2
4 4
5 5
5 11
13 14
16 20
20 21
24 25
26 26
26 28
28 36
36 39
40 41
44 45
46 48
51 52
54 55
56 57
58 61
63 63
66 67
67 68
69 70
70 71
73 74
74 75
76 77
77 80
80 81
81 81
82 82
82 83
83 84
84 86
86 90
92 92
92 92
94 96
96 97
97 97
98 99
101 101
102 102
103 105
106 106
108 110
111 112
112 113
114 115
115 115
115 116
118 119
119 121
122 123
123 123
123 125
126 128
129 129
129 131
132 133
134 134
135 135
136 137
138 138
138 139
139 139
140 141
141 144
144 145
146 148
149 150
152 153
153 153
154 155
155 156
161 161
162 162
163 164
165 165
168 168
169 170
170 171
171 172
174 174
175 178
179 179
180 181
182 182
183 184
184 184
185 185
186 186
187 188
189 190
193 193
194 194
196 197
197 198
198 198
199 201
203 204
205 205
207 207
211 212
213 213
214 214
214 215
215 216
217 221
222 223
224 224
226 226
228 228
228 229
230 232
233 234
237 237
240 241
241 241
242 243
245 246
249 251
253 253
254 256
258 260
261 262
263 264
274 275
276 277
278 283
286 295
296 297
300 303
306 306
309 309
310 311
312 313
314 316
317 317
318 318
