18 78
86 92
117 229
1 240
160 6
56 44
120 24
159 240
16 96
5 204
37 240
80 202
86 124
157 18
142 61
180 3
44 234
80 96
160 31
61 69
231 15
240 49
159 124
3 133
146 29
161 176
61 18
232 129
111 160
10 211
101 143
81 91
36 1
73 63
230 27
183 240
195 18
102 42
144 153
2 163
219 81
181 66
195 229
31 100
117 108
240 20
160 209
55 90
146 161
81 179
7 45
135 215
122 72
36 64
108 228
235 95
54 135
160 80
146 175
195 20
207 45
123 110
224 95
9 35
233 154
81 140
55 180
188 202
130 160
167 105
124 214
149 4
69 81
137 222
104 240
61 132
171 182
80 160
199 6
54 97
126 208
238 147
67 114
142 81
223 172
17 28
106 136
183 97
193 89
162 205
80 239
126 40
217 7
21 145
81 226
51 118
189 138
177 240
95 14
112 156
198 211
80 27
43 173
219 90
132 106
71 55
148 85
168 187
5 23
38 202
129 1
81 217
50 115
161 188
16 145
33 47
109 197
64 160
176 206
143 12
238 80
91 30
61 221
45 125
184 12
193 93
59 108
145 167
27 42
80 92
240 204
58 214
134 160
17 76
160 93
166 184
231 58
132 219
188 80
111 158
62 94
14 138
31 77
167 203
240 214
96 62
36 121
80 160
43 240
236 66
160 131
174 92
141 240
114 76
15 69
133 240
76 109
240 178
85 160
188 151
240 80
15 1
35 58
224 90
151 1
1 1
1 1
1 2
2 3
4 5
7 11
12 13
13 15
16 20
20 24
25 26
26 27
28 30
31 32
33 34
35 36
36 39
39 39
42 44
44 46
47 47
48 50
51 52
52 52
54 56
56 57
60 60
62 63
63 64
64 65
65 67
67 68
70 70
71 71
72 72
72 73
75 77
80 80
80 81
81 81
82 84
85 85
85 86
89 89
90 90
91 91
91 92
92 94
94 95
95 96
96 96
96 98
99 101
102 102
102 105
106 107
109 109
110 110
110 110
111 112
113 113
116 117
120 121
121 122
123 124
124 125
125 126
126 127
127 128
129 129
131 133
134 134
137 137
138 139
140 141
142 142
142 143
144 144
145 145
145 146
146 147
149 150
151 152
153 154
156 157
157 158
158 158
160 160
161 161
161 162
162 163
164 164
165 166
167 168
169 171
171 173
174 174
174 176
177 177
178 178
179 180
182 182
182 183
184 184
186 187
188 189
190 190
190 191
191 193
193 196
197 197
197 198
198 199
201 202
202 204
206 206
206 207
209 209
210 212
213 213
214 214
215 215
215 217
217 217
221 222
223 224
224 225
225 228
228 228
229 229
230 231
233 234
234 236
237 239
240 240
240 240
241 241
241 242
243 244
246 248
248 249
250 251
252 252
252 253
255 257
258 259
259 262
262 264
267 269
271 271
273 276
278 278
279 280
281 290
290 294
294 298
298 300
301 303
305 305
306 312
313 316
317 317
317 317
318 318
