209 110
160 40
80 147
225 240
25 83
180 52
161 240
91 37
83 71
160 24
118 13
147 94
169 240
81 1
199 70
30 160
133 21
56 165
100 112
233 10
47 240
83 37
1 28
123 216
140 160
62 149
99 166
174 86
184 17
51 240
202 120
216 38
74 137
5 129
109 25
64 101
231 155
166 90
182 141
200 54
82 236
14 126
4 25
72 113
38 101
154 13
63 165
179 195
142 214
136 240
227 6
26 52
79 240
73 159
8 123
147 198
142 206
161 185
221 21
86 110
166 133
232 12
155 78
121 23
150 240
7 71
188 199
114 1
178 143
217 81
225 164
131 14
101 159
44 124
153 190
240 199
177 209
1 23
56 106
37 142
222 86
161 233
15 67
135 29
154 111
193 205
128 42
59 172
214 24
226 78
148 70
86 122
188 235
19 37
164 100
52 81
202 15
98 145
217 240
130 181
30 81
47 159
203 61
183 79
9 124
25 212
174 1
190 158
44 75
106 220
59 139
25 235
197 72
107 88
122 39
12 54
159 206
180 105
25 71
122 147
23 58
76 89
226 9
71 106
144 171
196 124
231 73
25 54
12 106
41 171
126 89
150 59
178 215
239 73
108 33
47 132
224 158
6 193
18 56
139 207
93 76
240 34
170 141
235 101
185 150
124 240
68 135
93 142
80 173
117 160
148 221
92 185
158 195
80 18
113 171
43 146
160 29
61 134
16 80
220 171
7 160
111 138
76 61
1 3
4 5
5 5
6 6
8 8
8 15
16 17
19 20
20 22
24 25
27 28
28 29
30 30
31 33
34 36
37 38
40 41
41 42
43 43
43 44
44 44
45 48
50 52
52 52
53 53
54 54
57 57
57 58
58 59
59 61
62 63
63 64
64 64
65 65
67 68
69 69
70 71
71 72
72 73
73 74
75 75
76 76
80 80
80 81
83 84
85 86
86 86
86 87
88 88
89 89
90 91
92 94
94 95
97 99
102 102
102 102
103 103
104 104
104 106
107 107
108 109
110 112
112 114
114 117
117 117
118 118
118 118
119 120
120 121
121 123
123 124
125 128
128 128
129 132
132 132
132 134
136 136
137 137
137 137
138 138
139 140
142 142
144 144
146 149
149 150
150 150
151 154
154 154
155 156
156 157
160 161
161 161
161 161
162 163
164 165
166 166
166 169
171 171
171 171
173 173
174 174
176 177
178 179
179 180
181 181
184 184
185 186
186 187
188 188
189 189
190 192
193 193
194 197
197 198
199 200
201 201
201 201
202 203
204 205
207 209
211 211
211 212
212 213
213 214
217 217
217 219
219 220
221 221
223 223
224 224
225 226
226 230
230 230
230 232
232 233
233 234
235 236
240 240
241 241
241 241
242 245
245 246
248 249
250 252
254 255
256 260
262 266
269 270
272 272
274 276
277 277
278 279
283 284
286 288
292 293
294 295
296 297
298 304
305 307
308 310
313 316
317 317
318 320
