101 190
198 212
228 80
15 73
161 6
40 171
151 237
53 81
135 183
203 175
16 101
41 162
92 240
10 33
118 52
81 177
184 1
142 166
17 133
199 40
160 80
187 36
239 53
8 69
87 226
144 215
117 30
205 2
82 192
160 19
71 34
81 11
120 233
46 161
1 94
27 79
202 224
1 160
59 157
176 220
81 192
18 53
235 32
151 187
10 58
87 226
162 2
39 81
177 138
220 240
122 80
165 213
11 135
161 208
238 1
193 37
98 160
176 205
16 33
171 110
231 63
160 29
78 215
7 60
124 45
107 74
235 212
135 40
229 238
80 143
156 203
107 187
6 80
100 240
20 116
135 36
199 156
73 1
50 81
16 161
166 181
199 47
62 135
157 165
27 80
8 202
221 43
168 235
73 205
1 22
239 56
37 155
232 16
81 124
67 140
218 52
160 174
192 81
31 155
67 47
197 161
26 150
6 179
240 230
117 161
22 80
56 139
149 212
164 178
38 229
17 54
123 146
81 160
177 69
105 33
191 203
239 1
81 153
228 52
214 90
139 166
11 1
26 160
239 47
80 101
127 182
228 207
139 198
171 21
91 161
214 40
81 128
240 62
11 155
32 80
141 1
26 198
50 82
88 161
217 19
177 145
155 103
160 232
64 240
78 148
206 92
122 42
162 240
104 178
1 230
139 2
44 124
79 161
152 217
14 95
240 191
228 162
207 138
178 54
65 220
145 12
82 156
199 236
95 2
164 80
110 218
128 178
187 1
1 1
1 1
2 3
6 6
7 8
8 14
14 17
17 18
18 18
20 21
22 23
24 27
28 29
29 29
31 31
31 31
32 32
36 38
39 39
40 40
41 43
44 45
47 48
48 48
48 49
49 51
52 52
55 55
57 58
60 62
65 68
70 70
70 71
72 73
73 76
76 76
76 77
77 78
81 81
81 82
82 84
85 86
88 88
88 91
94 94
94 95
97 97
97 99
104 104
104 106
111 112
112 113
113 114
118 118
120 120
125 125
125 125
129 130
132 133
135 135
136 138
139 139
139 141
142 142
143 144
146 146
148 154
155 157
157 158
158 158
158 160
160 162
162 162
162 164
164 164
166 166
167 168
169 170
170 171
171 171
171 173
178 178
178 178
179 180
181 183
184 186
187 187
187 190
191 192
193 193
194 196
197 198
199 199
199 201
201 201
203 204
205 205
206 208
210 211
213 213
214 216
216 217
217 218
219 221
221 222
222 223
223 224
225 226
226 227
227 229
232 232
232 233
233 233
234 234
235 236
236 236
237 237
237 237
238 238
240 240
240 241
242 242
242 242
243 244
244 244
244 244
245 246
246 248
249 250
250 251
253 253
253 253
256 257
257 259
261 261
262 262
262 263
264 265
265 265
266 268
269 269
270 270
271 273
273 275
277 277
278 278
280 281
282 283
283 284
285 287
289 290
290 291
292 294
294 295
295 297
298 299
300 302
305 305
306 306
306 307
309 310
310 311
311 312
313 313
316 316
318 320
320 320
