16 129
137 157
163 80
203 39
101 240
55 12
91 147
240 33
120 218
229 6
81 22
160 74
37 240
81 67
14 49
123 212
169 236
1 29
78 61
227 20
81 159
223 194
34 13
153 80
189 238
60 89
161 6
21 41
161 228
178 66
220 240
14 79
135 166
1 156
214 50
202 6
84 238
57 193
209 117
40 81
98 176
20 189
36 171
65 110
32 80
156 230
11 48
125 215
108 76
1 211
235 43
80 10
229 101
238 24
39 117
135 156
5 198
20 180
161 165
240 81
198 50
212 64
157 12
80 239
201 167
219 75
7 26
59 159
203 221
40 80
128 143
172 211
236 86
20 154
177 213
1 81
160 186
125 240
111 69
140 229
16 55
217 81
159 173
191 35
237 69
155 81
68 217
31 161
195 11
1 177
118 26
60 80
161 138
227 3
149 239
42 21
163 209
57 124
239 76
112 84
37 160
184 217
56 152
15 200
131 224
30 159
50 240
115 73
2 139
80 233
25 203
195 93
168 43
128 209
64 14
35 154
224 80
29 240
7 53
1 22
90 162
194 161
212 36
104 133
174 66
143 228
4 118
78 84
225 238
53 108
156 175
191 217
24 92
135 122
43 201
160 104
164 211
61 1
137 45
223 32
79 16
239 94
150 160
104 211
114 34
161 221
1 27
54 65
201 240
135 13
174 78
142 1
160 213
153 93
103 193
220 240
229 108
59 80
161 174
1 25
33 68
157 15
182 211
82 149
1 160
232 240
116 49
15 1
29 222
80 83
162 62
48 137
202 71
81 156
160 14
1 1
1 1
1 2
2 3
3 5
6 7
8 10
10 11
12 13
13 14
16 20
21 22
24 24
28 29
30 30
32 33
34 34
35 35
35 38
40 43
43 43
45 46
47 50
50 51
51 51
54 55
55 57
58 58
58 58
62 68
68 69
73 75
76 76
77 77
77 78
80 81
81 82
83 83
83 85
86 86
86 87
91 92
93 96
97 97
100 100
100 100
102 104
104 104
106 108
110 113
114 116
120 123
123 125
125 126
127 127
127 130
131 131
133 135
136 136
136 137
138 139
139 141
143 145
145 147
149 151
151 152
155 156
156 156
156 156
158 158
158 158
158 158
158 160
161 161
161 161
162 162
162 162
163 163
164 165
165 165
166 166
166 168
169 170
170 171
171 175
175 177
178 178
179 179
179 180
182 182
185 186
186 186
186 187
187 189
189 189
190 192
192 192
195 196
196 197
197 198
199 199
199 199
202 203
204 204
205 205
206 207
208 208
209 210
211 211
212 212
213 213
214 215
215 217
219 219
220 221
223 223
224 225
226 226
228 228
229 230
230 230
230 234
234 236
236 236
236 237
237 237
238 238
241 241
241 241
242 242
242 243
243 243
244 244
244 245
246 247
249 250
250 251
254 255
255 256
256 258
258 260
260 262
263 263
265 266
268 270
270 271
272 273
273 273
273 273
274 275
275 276
277 278
278 278
279 280
280 282
282 283
284 285
286 286
287 287
288 288
288 288
289 291
291 291
292 293
294 295
297 297
298 300
306 307
307 307
308 308
308 309
310 313
313 314
317 317
317 320
