70 132
233 13
121 204
240 43
112 102
2 32
59 186
85 217
133 153
160 204
24 125
240 51
14 41
240 1
68 103
127 205
81 133
161 116
1 26
81 109
148 99
1 136
223 17
203 238
35 187
92 161
64 81
175 113
153 5
80 141
240 18
232 50
211 161
217 172
29 161
204 67
81 23
113 181
6 149
171 216
234 103
204 45
138 167
195 80
27 59
96 160
112 133
181 223
239 5
33 62
80 208
219 229
238 199
122 82
10 164
184 240
1 227
125 216
80 109
157 237
47 2
151 212
75 136
42 191
102 119
56 240
207 131
70 188
81 113
9 53
240 22
99 173
144 6
67 157
51 188
1 19
202 211
153 64
78 189
160 228
240 219
238 78
160 171
44 77
4 15
36 57
116 182
68 130
164 191
201 229
8 19
139 145
156 14
240 222
108 122
62 185
155 234
9 78
107 208
238 167
182 143
109 161
19 64
190 208
218 237
145 202
4 113
164 225
31 156
182 97
129 68
237 54
173 201
15 77
159 101
116 133
181 190
79 214
98 240
161 104
187 222
13 138
121 198
25 62
105 6
149 160
171 81
185 240
107 132
153 40
160 184
240 3
68 80
18 30
120 161
226 194
1 97
238 145
169 77
199 127
103 159
61 117
70 91
19 84
158 179
213 30
140 149
172 240
205 102
114 40
56 194
74 156
229 127
235 12
100 204
170 25
1 86
66 141
186 80
216 37
240 231
160 194
80 51
110 121
91 1
15 58
205 235
173 32
138 160
41 69
220 149
192 80
107 53
160 236
11 85
172 21
72 2
29 187
229 240
105 44
99 160
198 54
80 136
63 161
171 2
151 16
85 124
240 29
92 103
44 53
211 80
144 180
160 229
59 12
20 82
195 124
1 161
40 132
151 188
1 1
1 2
2 2
2 3
4 7
8 9
9 10
11 11
12 13
13 13
14 14
14 15
18 19
20 21
21 21
25 25
26 26
28 30
32 32
32 33
33 37
38 38
38 39
40 40
41 41
42 42
43 44
44 48
48 49
51 52
52 54
54 55
55 56
56 57
60 61
61 63
65 66
66 66
69 70
71 71
72 73
74 76
76 76
76 77
78 80
81 81
82 82
82 82
84 85
86 87
87 87
88 89
91 92
93 97
99 99
100 100
102 104
105 105
106 106
107 107
109 110
113 113
114 114
117 117
118 118
120 120
121 122
124 124
126 126
127 127
129 130
130 131
133 134
134 134
136 136
137 138
141 142
143 145
146 146
147 147
147 149
152 153
153 153
155 157
158 158
158 158
158 158
160 160
160 160
160 160
161 161
161 161
161 163
163 164
165 165
166 167
169 169
171 171
172 173
173 176
177 179
181 181
182 183
183 184
185 185
186 186
187 187
187 188
189 189
190 191
192 193
193 194
194 194
195 195
197 199
199 200
200 201
204 204
205 206
207 208
208 208
209 209
212 213
215 215
215 216
216 216
216 217
217 217
221 221
221 222
222 225
225 226
226 227
228 228
228 228
228 229
232 232
232 233
234 235
235 236
237 237
238 238
240 240
241 241
241 241
241 242
242 242
242 242
243 244
244 245
245 247
248 248
248 249
249 250
252 252
253 254
256 257
258 258
258 259
259 260
261 262
263 263
264 265
265 265
266 268
268 268
269 269
270 271
272 273
274 275
275 276
277 279
279 280
280 281
284 284
285 286
287 288
288 289
290 290
291 292
292 294
294 295
297 297
298 299
299 302
302 303
303 304
304 306
306 309
310 310
310 311
311 312
314 314
315 317
317 317
317 318
319 319
320 320
320 320
