55 142
48 66
36 74
213 238
169 199
22 120
91 14
223 175
98 4
103 201
50 181
42 75
138 161
228 32
85 208
22 13
118 191
95 168
216 237
49 107
42 35
68 1
182 196
26 83
80 175
124 19
93 132
206 156
11 101
43 56
191 136
169 230
32 68
161 115
80 20
89 198
220 236
169 56
153 9
62 73
129 186
36 27
47 88
105 177
20 137
111 220
188 12
69 48
79 148
69 84
94 121
200 236
55 170
1 40
126 150
101 202
222 26
179 106
16 157
81 134
183 55
63 113
164 211
233 80
89 7
45 123
144 166
191 97
2 32
21 110
221 67
77 127
178 11
47 90
156 161
39 133
94 206
185 3
234 34
26 115
141 168
218 53
71 193
149 20
42 83
121 9
35 95
179 216
128 152
80 224
206 60
100 109
158 38
81 9
48 188
235 139
1 169
119 216
24 70
96 195
220 62
240 51
228 84
142 173
119 19
74 44
92 152
181 123
37 232
82 98
132 54
158 6
67 165
192 240
29 212
72 44
176 22
110 71
80 148
123 17
224 85
190 161
7 61
167 99
31 1
205 234
108 143
28 73
117 216
20 186
86 153
96 14
41 225
132 1
104 167
111 146
78 182
25 128
14 152
220 39
86 240
136 191
98 233
45 107
165 201
238 116
174 76
158 184
14 89
28 224
240 103
161 64
112 93
160 197
218 21
30 40
49 179
94 127
190 160
138 160
240 67
188 197
156 160
80 39
65 80
240 88
167 221
1 1
2 2
4 4
4 4
5 5
6 6
7 8
8 9
10 12
12 12
16 16
17 18
19 19
19 20
20 20
21 22
24 25
26 27
29 29
30 30
31 33
33 34
34 34
35 35
37 37
38 39
40 40
42 44
45 45
46 46
46 47
48 48
49 49
49 50
53 55
56 56
59 59
60 62
62 63
63 63
63 64
65 67
67 69
69 70
72 72
73 73
75 78
78 80
80 80
81 81
81 81
81 81
82 82
85 85
85 85
86 86
86 88
90 92
95 95
96 96
97 98
98 98
99 99
99 101
101 102
103 106
106 107
107 108
109 109
112 113
113 115
115 116
119 120
120 120
121 121
122 123
124 125
127 128
128 129
130 132
132 132
134 135
135 135
138 139
139 140
141 143
143 143
144 144
145 145
146 146
148 150
150 151
151 152
152 153
153 153
153 156
157 158
160 160
161 161
161 161
161 162
162 163
163 164
164 164
166 168
168 170
170 170
170 173
174 175
176 177
177 178
178 179
179 180
180 181
182 182
183 185
186 187
188 189
189 191
192 193
193 195
197 198
199 199
200 201
203 205
205 205
206 207
209 209
212 212
213 214
215 216
218 219
219 219
220 221
223 224
227 228
231 231
233 233
234 234
234 235
236 236
238 238
240 240
241 241
241 241
241 246
246 247
250 251
252 252
254 254
255 256
257 259
262 269
270 270
272 273
273 274
276 280
283 283
283 284
286 290
290 296
297 299
307 308
309 310
312 316
316 317
318 320
