18 54
72 122
189 210
80 102
170 151
205 235
59 87
197 36
133 218
115 166
179 158
50 85
11 203
227 130
137 26
93 65
116 163
210 35
73 147
1 43
98 235
77 11
48 103
172 56
198 21
31 139
55 63
176 202
161 224
3 110
117 15
95 152
213 71
126 20
29 183
46 166
232 118
78 204
53 103
128 80
212 238
9 156
190 26
63 35
176 111
90 42
68 122
219 163
196 240
153 72
47 80
223 13
98 123
135 5
203 76
240 55
151 161
226 21
104 115
173 31
142 154
64 167
208 182
38 107
131 87
235 161
51 8
91 149
22 68
130 119
192 31
223 102
73 36
147 126
200 174
227 81
109 3
12 58
157 135
181 211
112 89
24 62
240 36
120 69
92 163
189 155
146 41
49 98
222 74
201 1
130 171
81 163
10 2
155 231
135 181
52 25
84 114
214 240
60 14
24 186
141 92
121 64
194 238
23 31
14 38
49 72
98 7
226 106
172 131
141 203
234 81
151 115
212 238
11 50
19 80
88 183
33 63
163 193
139 220
100 129
1 39
107 78
236 107
144 82
172 13
50 115
5 57
186 25
125 156
81 91
35 71
164 132
205 44
106 50
85 143
178 232
17 120
59 90
81 195
26 158
74 36
129 45
171 103
142 53
14 60
113 136
186 26
71 121
81 200
240 161
40 10
98 173
180 211
221 160
50 240
107 180
65 29
80 134
87 157
209 55
117 21
192 31
64 127
75 89
214 6
109 124
15 80
32 48
58 135
160 80
107 5
155 136
37 160
54 75
97 118
130 240
12 50
36 1
1 1
1 1
1 3
4 4
5 5
5 8
9 9
10 10
10 13
13 13
14 15
15 16
16 18
19 19
20 21
22 22
23 23
24 24
26 29
29 29
29 31
32 33
33 33
35 35
36 40
40 43
43 43
43 44
44 45
45 45
46 47
47 47
49 49
51 52
52 53
53 54
55 56
56 57
58 59
62 62
62 63
63 63
64 65
66 66
67 69
70 70
70 70
71 72
72 73
74 76
77 78
80 80
80 80
81 81
82 82
83 83
83 83
84 84
84 84
85 87
89 90
90 90
91 92
92 92
94 94
96 97
99 99
99 100
100 101
103 103
104 104
105 107
108 109
111 111
113 114
116 116
117 118
118 119
120 120
120 121
122 124
124 124
126 128
129 129
130 131
132 133
134 135
135 135
136 136
137 138
139 140
142 143
144 144
144 145
145 146
147 148
148 149
149 150
151 152
152 153
154 154
156 157
158 159
160 161
161 161
161 161
162 162
163 163
164 164
164 164
165 166
170 171
171 172
172 173
174 174
174 175
175 178
179 180
180 181
181 182
184 184
187 188
189 189
190 190
191 193
194 195
195 197
198 198
199 200
200 201
203 203
206 206
207 208
210 211
211 211
211 214
215 216
217 218
218 219
219 221
222 222
224 225
226 228
229 230
231 231
232 232
234 234
235 236
236 236
237 239
241 241
241 241
241 241
244 245
246 247
248 250
251 253
253 255
255 255
263 263
265 265
266 266
267 269
272 273
278 278
280 281
281 282
282 283
283 285
288 293
296 296
298 299
299 300
303 306
312 316
316 317
317 320
