3 27
88 152
202 102
159 80
224 233
240 15
167 47
139 213
195 37
70 80
109 177
233 1
149 59
23 160
184 15
93 128
232 45
108 66
168 9
192 32
142 231
150 21
91 220
72 103
178 58
64 110
119 48
14 157
204 38
128 163
134 228
210 3
140 188
29 77
86 92
99 66
235 56
110 21
149 122
173 194
10 218
240 131
153 224
33 76
83 69
176 207
2 59
103 143
25 51
110 118
214 228
42 158
80 126
207 164
236 12
35 88
135 177
212 221
228 236
1 64
80 189
101 168
200 214
51 140
193 111
147 4
173 234
121 38
16 86
92 154
66 104
206 199
26 56
78 184
161 64
109 48
119 135
236 206
7 39
167 142
191 77
215 27
98 240
1 84
114 68
123 150
54 198
233 18
177 129
155 42
205 134
6 79
184 32
83 90
97 109
162 208
141 236
71 189
117 57
238 1
149 45
123 192
216 13
34 92
136 104
175 234
71 81
152 63
213 6
115 202
25 157
183 120
230 48
58 166
15 173
209 39
163 76
98 183
140 192
94 225
240 217
30 10
56 172
144 117
151 202
234 175
29 78
163 227
20 47
131 81
155 210
42 90
117 161
12 81
237 71
217 134
105 36
166 195
63 94
140 80
112 202
56 173
144 22
101 72
86 153
48 118
185 211
12 220
60 161
230 38
91 195
1 129
209 99
168 141
21 240
61 68
76 112
208 178
13 46
165 160
222 89
32 80
192 133
101 25
156 182
202 233
169 9
54 147
69 240
120 166
182 80
160 220
91 20
35 196
50 166
78 101
234 148
110 204
120 177
214 74
88 131
167 187
22 6
99 35
196 210
155 113
222 72
240 123
235 202
180 160
100 80
39 30
160 229
57 189
166 220
101 199
145 79
160 240
35 1
1 1
1 1
2 3
4 4
6 6
8 8
9 11
11 12
13 14
14 15
15 15
16 16
19 20
21 22
23 23
23 24
25 25
26 27
29 29
30 31
32 35
36 36
36 37
37 37
38 38
39 39
40 41
42 42
43 43
45 46
46 47
48 49
49 50
50 50
50 51
52 52
53 53
54 54
56 56
57 59
59 59
61 61
63 64
64 64
65 66
66 67
67 67
67 69
71 71
72 72
72 75
75 76
76 76
77 77
79 81
81 81
81 81
81 81
81 82
82 82
82 83
84 85
85 86
86 86
87 87
88 90
90 92
93 94
96 96
96 97
97 97
98 99
99 99
100 101
102 102
104 104
105 106
107 108
108 108
109 110
112 112
113 113
113 115
115 115
116 117
117 119
119 119
120 121
122 122
125 127
128 130
130 130
131 131
131 132
132 133
133 134
134 135
135 136
139 139
140 140
141 143
143 143
145 148
148 148
149 149
150 151
151 151
152 152
153 154
154 156
156 157
158 159
160 160
160 161
161 161
162 164
165 165
165 166
166 167
167 168
169 171
172 172
172 174
175 178
178 178
179 180
180 180
182 184
184 184
185 185
186 189
190 190
190 191
192 192
193 193
194 195
196 197
197 198
199 199
202 202
202 203
203 204
206 206
207 208
208 209
209 211
211 212
212 213
214 214
215 215
218 219
219 221
222 222
223 226
226 228
228 228
228 228
229 231
231 231
236 236
237 240
241 241
242 244
245 245
245 245
245 246
247 247
249 250
251 252
253 254
256 257
258 259
260 260
261 262
263 264
264 265
266 267
268 270
271 271
272 273
276 276
276 278
279 279
280 280
280 282
284 284
285 285
290 290
291 292
294 295
296 299
300 300
301 303
308 309
309 310
312 313
316 316
316 318
