29 62
121 160
208 80
237 88
96 112
165 185
219 143
20 130
177 197
52 41
76 1
82 90
148 28
170 200
215 49
113 123
161 240
14 131
153 236
75 178
68 87
224 58
93 102
49 139
43 111
240 34
205 1
144 117
24 161
124 155
76 226
84 132
15 239
96 175
53 158
44 150
198 108
161 8
116 136
204 27
188 1
236 172
63 70
80 128
158 55
89 144
209 47
95 168
190 233
107 40
13 240
218 147
32 122
173 204
75 64
153 54
223 89
126 24
113 233
158 93
122 14
36 110
172 238
230 141
221 102
190 156
207 29
177 77
93 169
59 148
85 121
195 236
240 47
108 18
163 206
177 40
130 1
156 226
33 198
83 92
217 77
103 139
206 21
232 62
165 213
119 47
148 12
161 240
92 198
82 132
77 153
100 236
27 108
65 224
171 203
140 44
161 181
22 53
115 38
231 240
128 165
9 88
144 99
158 202
190 238
66 31
161 172
108 217
114 152
3 198
240 21
53 125
181 12
80 87
92 144
156 170
134 227
49 73
206 122
40 127
186 62
164 101
176 10
139 221
28 53
95 155
111 192
145 167
233 1
117 78
126 161
65 148
172 25
53 202
240 19
154 233
180 221
86 207
40 12
80 92
161 186
136 4
35 100
62 90
192 108
165 80
138 121
51 99
145 70
90 161
171 21
202 24
178 122
221 45
154 61
187 40
91 126
212 160
196 33
234 97
137 80
223 21
201 173
210 52
67 110
146 161
12 215
179 1
155 124
89 187
33 80
99 131
238 40
197 226
165 10
25 91
216 10
53 65
110 145
235 132
159 3
192 203
163 118
178 215
81 193
91 25
35 133
228 50
7 164
57 201
80 111
148 240
69 160
121 176
215 126
87 135
6 25
194 58
146 240
35 14
154 80
167 114
47 63
123 188
224 91
137 27
107 205
158 39
80 227
48 59
218 71
190 113
91 103
201 215
158 234
240 58
75 180
45 88
116 101
148 204
1 1
1 1
1 2
2 3
3 3
3 3
3 4
5 5
5 5
6 10
12 15
15 15
15 16
16 16
16 17
19 19
19 19
23 23
23 24
26 26
27 27
27 28
28 28
30 30
31 31
31 32
32 33
33 34
36 36
37 37
39 39
40 41
42 42
43 43
44 44
45 45
45 46
46 47
49 49
49 52
52 53
53 54
55 55
55 56
56 57
57 58
58 59
60 61
61 61
62 63
64 64
65 66
68 69
69 69
70 71
71 73
73 74
74 75
76 76
77 80
80 81
81 81
81 81
82 83
83 84
84 85
85 86
86 87
87 87
89 89
90 90
90 91
91 93
93 94
95 96
97 98
98 100
101 101
102 103
104 104
104 105
105 105
106 107
108 109
109 109
111 112
113 114
115 117
119 120
121 122
123 123
124 125
126 126
127 127
129 129
130 131
131 131
132 132
132 135
135 135
137 138
139 139
139 140
140 140
141 142
143 144
144 144
145 147
148 148
149 149
149 151
152 153
155 156
156 156
156 156
156 156
157 157
158 158
158 160
161 161
161 162
162 163
164 165
165 165
166 166
166 166
167 167
168 168
168 171
172 173
174 174
175 175
175 176
176 176
176 179
179 179
181 181
182 183
184 185
185 185
187 187
189 190
191 191
192 192
192 193
193 196
196 197
198 199
199 200
200 200
200 201
202 203
203 204
204 205
205 208
208 209
211 211
211 213
214 215
215 216
216 217
217 218
219 220
220 221
221 221
221 221
225 227
228 229
230 231
232 232
234 234
234 234
234 236
236 236
237 238
238 240
240 241
241 241
241 241
241 242
242 243
243 243
244 246
246 248
249 251
252 253
253 254
254 255
256 256
259 259
260 260
260 260
262 262
263 263
265 267
269 269
271 271
271 272
272 272
273 274
274 276
276 277
278 278
282 282
284 285
288 289
290 290
291 292
293 293
294 294
294 296
300 301
302 302
303 303
310 310
310 313
315 315
316 316
318 320
320 320
