60 72
86 24
131 240
45 144
155 176
225 198
212 109
119 237
10 161
127 150
184 71
64 83
175 54
89 1
45 98
221 135
38 107
160 30
140 240
113 202
19 165
119 151
209 72
80 126
11 223
49 91
171 40
235 103
1 194
31 132
111 200
183 222
58 66
74 240
50 153
84 14
42 205
90 102
36 137
163 185
228 236
26 213
1 117
59 71
167 148
49 161
121 19
84 193
237 218
93 37
153 165
105 7
135 224
239 23
185 72
88 172
54 164
80 126
142 41
93 106
116 190
11 102
109 118
147 157
206 214
230 237
34 80
136 179
223 171
200 124
160 26
150 78
220 87
192 71
98 133
15 108
238 56
199 159
226 41
113 208
5 141
120 160
29 166
86 76
179 70
125 146
192 235
20 94
102 59
217 37
134 46
165 196
109 174
12 31
121 236
223 1
81 158
92 137
24 194
59 183
229 101
141 107
156 48
210 13
191 118
235 4
73 85
174 65
149 127
219 32
54 165
198 156
178 20
131 45
88 104
146 138
170 122
158 184
236 81
224 25
64 195
109 70
95 177
207 89
118 218
17 45
140 38
164 1
155 194
11 69
100 130
231 146
240 78
172 31
213 3
71 60
83 199
153 178
240 27
93 127
53 81
184 157
202 130
43 99
81 90
61 137
14 161
233 36
113 169
192 145
211 3
51 177
79 117
202 24
152 187
87 127
158 223
236 12
66 100
42 57
191 200
80 163
233 169
205 145
160 79
114 70
88 121
177 24
32 154
186 215
16 3
44 55
81 99
224 192
80 107
167 71
157 203
237 80
49 90
5 17
27 62
110 122
160 181
40 217
143 153
1 203
240 81
90 48
99 136
189 230
60 109
163 204
76 123
175 91
181 134
1 18
50 142
28 224
9 155
197 65
72 104
240 41
80 113
177 214
81 161
127 97
157 147
218 34
208 42
80 54
103 180
84 95
128 191
160 209
140 149
160 41
240 54
172 71
80 96
116 196
159 238
143 226
185 1
1 1
2 2
2 3
3 3
3 3
5 5
7 7
9 10
10 11
11 11
13 14
14 14
15 15
16 16
16 16
17 18
18 18
19 20
20 21
21 22
22 25
25 25
26 27
28 29
29 30
30 31
32 32
33 34
34 35
35 37
38 40
41 42
42 42
42 43
43 44
45 45
46 47
48 49
49 49
50 50
50 54
54 55
56 57
57 57
58 59
59 60
61 61
61 61
62 63
65 65
65 68
69 70
71 71
72 72
73 74
74 75
75 76
76 76
78 78
78 78
79 81
81 81
81 81
81 81
81 81
81 83
83 83
83 83
84 84
85 86
88 88
90 90
91 91
92 92
92 93
93 93
95 95
96 97
98 98
98 100
101 103
104 105
105 106
108 108
109 109
110 110
110 111
111 112
114 116
117 117
118 118
118 119
119 121
121 123
123 124
125 125
126 127
127 129
129 130
130 131
132 133
135 135
136 136
137 138
140 140
142 143
143 143
144 144
145 146
147 147
147 147
149 149
151 152
153 154
154 154
155 155
156 156
156 156
157 157
158 158
158 159
160 160
160 160
161 161
161 162
162 162
163 163
164 164
164 165
165 165
165 165
167 167
168 169
170 170
171 171
172 172
172 175
175 176
177 177
177 178
178 180
181 181
183 185
185 186
186 187
187 188
188 189
191 191
191 191
192 193
194 194
196 198
198 200
201 201
202 203
203 203
205 205
206 207
207 208
208 208
208 209
209 215
216 216
217 217
219 219
221 221
221 221
222 224
225 225
225 227
228 228
228 228
228 230
231 233
233 234
236 236
236 236
238 240
240 241
241 241
241 241
241 241
241 243
243 244
244 245
245 245
246 246
248 248
248 248
250 251
251 252
254 257
257 257
260 260
261 262
262 262
262 263
264 265
265 265
266 266
266 266
267 268
271 272
273 274
274 277
279 279
281 282
283 283
284 284
286 288
289 292
292 293
293 296
296 297
300 300
303 303
305 305
306 306
309 309
309 312
314 315
316 320
