90 106
117 221
14 51
160 212
233 81
148 32
137 175
210 121
240 97
17 80
201 145
154 68
171 109
184 212
1 93
56 81
146 156
200 162
19 116
229 57
93 180
8 30
212 81
159 126
152 75
115 44
193 240
20 104
225 138
152 11
90 111
28 210
219 53
175 82
185 75
1 225
193 137
215 130
40 120
149 155
163 110
240 16
103 95
200 60
173 223
84 161
178 230
195 123
137 185
215 75
146 199
224 1
43 92
156 191
240 21
114 104
181 67
216 168
204 176
196 85
11 130
123 139
80 114
149 188
216 107
240 23
49 155
203 71
100 171
227 238
90 206
14 181
123 135
60 113
82 212
32 148
185 2
158 101
237 216
51 169
20 87
160 199
135 118
151 234
143 226
189 205
104 156
1 11
165 182
97 32
57 187
1 234
212 140
77 133
49 160
170 195
240 119
15 221
67 103
176 40
203 160
182 148
100 137
3 55
90 132
227 31
240 81
187 208
155 163
176 120
99 180
45 76
107 195
170 225
92 235
215 13
62 189
142 218
153 197
84 231
119 161
54 28
201 238
168 73
1 106
161 178
43 64
145 133
125 187
209 233
92 13
114 35
215 80
237 105
146 190
163 30
52 197
206 217
1 129
76 104
147 170
177 97
70 199
222 43
158 205
137 61
90 161
230 240
119 129
31 54
210 85
172 235
111 150
185 15
240 214
100 187
204 231
148 157
71 119
138 179
44 131
194 73
82 219
33 182
60 94
151 240
171 213
225 109
165 202
88 15
139 174
234 49
161 80
208 144
184 39
69 99
114 231
157 87
26 219
60 207
50 240
225 201
135 170
80 189
127 161
177 232
88 146
71 58
210 101
111 155
190 163
234 221
126 71
81 135
178 236
95 207
45 197
102 154
190 114
163 218
169 130
177 71
229 59
80 103
144 235
196 94
160 81
120 147
183 189
1 1
1 1
3 3
4 4
5 6
6 9
9 9
9 10
14 15
18 19
19 20
20 22
22 24
26 26
27 27
28 29
32 32
33 34
35 35
37 39
40 40
41 41
41 44
44 45
45 46
46 47
47 48
49 49
50 53
55 56
56 56
57 57
57 60
60 61
61 62
63 63
65 66
66 67
68 68
68 68
68 69
69 70
70 71
71 72
72 73
75 75
75 76
77 78
78 78
80 81
81 81
81 82
82 82
82 82
82 83
83 84
84 85
85 86
87 90
90 91
92 94
95 95
96 96
97 97
97 98
99 100
100 100
100 102
102 103
103 106
107 107
108 109
110 110
112 112
113 113
114 114
114 115
116 118
118 119
120 121
122 124
124 124
126 127
127 128
129 129
130 130
131 131
132 132
133 133
136 137
138 138
139 139
142 143
144 144
145 145
146 146
147 148
149 150
151 151
151 153
155 156
157 158
160 160
161 161
161 161
161 162
162 163
163 163
164 165
165 166
169 169
170 170
170 170
172 172
173 173
174 177
177 177
178 179
180 180
182 182
183 184
186 187
187 187
188 189
190 190
193 193
194 194
195 196
197 197
197 197
199 200
200 202
202 203
203 204
205 205
207 208
208 208
209 209
211 211
213 214
214 214
214 215
216 216
216 217
218 220
221 222
222 222
222 223
224 224
225 228
228 229
229 229
230 230
230 232
234 235
236 236
236 236
237 237
238 238
238 238
240 240
240 241
241 241
242 242
243 243
243 243
244 244
244 245
245 245
246 250
250 250
250 251
251 252
254 255
256 257
257 259
260 260
261 262
263 263
264 264
267 267
269 270
271 271
272 272
273 273
274 274
275 275
277 278
278 279
280 281
282 285
285 287
288 291
291 291
293 293
294 296
297 297
299 300
300 301
303 304
307 308
309 310
310 312
312 312
312 313
315 317
317 320
320 320
320 320
