24 182
191 240
81 104
115 126
1 160
72 28
16 66
240 39
165 27
191 208
240 95
126 86
39 154
142 164
20 180
193 130
83 106
143 95
64 157
163 225
147 130
138 170
236 189
17 78
104 240
9 216
114 1
144 155
164 173
188 76
210 16
87 240
60 50
114 221
124 135
141 151
229 163
172 240
192 26
75 93
106 15
62 121
139 212
53 152
222 240
166 230
176 1
30 80
101 111
131 124
141 153
207 160
172 223
41 231
6 91
107 75
100 129
67 118
137 156
207 51
16 169
220 42
105 226
80 91
126 179
192 7
137 33
143 172
66 199
149 209
159 53
215 103
111 168
14 80
134 223
143 193
231 71
153 65
27 161
205 56
111 126
172 213
1 102
87 182
221 45
80 190
120 228
128 138
145 155
164 202
34 67
174 209
107 182
5 26
55 89
121 139
218 146
130 198
44 155
177 240
72 207
36 13
162 128
240 99
112 122
172 142
220 89
1 27
52 78
153 181
194 225
45 70
162 208
187 122
133 112
170 59
103 97
238 197
87 153
177 220
31 80
132 161
183 138
69 11
111 118
167 123
210 229
25 91
81 188
152 172
212 55
108 134
193 101
174 138
216 232
1 20
35 88
107 161
182 197
30 15
213 67
160 98
119 136
203 18
110 47
172 4
42 101
74 148
2 115
17 14
44 81
115 29
161 80
165 240
10 186
44 21
80 14
148 35
240 65
53 1
24 128
26 61
20 165
87 13
40 80
116 165
5 138
35 24
81 235
60 1
1 1
6 7
8 8
8 9
9 12
14 17
17 19
23 24
26 27
31 31
32 32
33 35
35 36
37 39
39 39
41 42
42 42
45 46
48 48
48 49
50 50
50 50
52 54
54 54
57 58
58 60
61 61
61 61
63 65
66 67
68 68
68 69
70 70
70 71
72 73
73 73
74 75
76 78
80 80
80 80
81 81
81 81
81 84
84 84
84 85
85 86
89 89
89 90
90 90
91 91
92 92
93 95
96 98
98 99
99 99
100 100
100 101
101 101
102 104
105 106
106 107
108 109
109 110
110 110
110 110
111 111
112 112
112 113
113 114
115 116
117 118
119 119
119 120
120 120
121 122
122 123
124 125
126 127
127 127
128 128
128 128
128 129
129 131
131 131
133 133
133 135
135 136
136 137
137 137
137 138
138 139
139 140
140 141
141 142
144 144
144 144
145 146
146 147
147 148
148 149
149 150
151 152
154 154
155 155
155 155
156 156
158 160
160 160
160 160
160 160
160 162
163 163
163 164
165 166
167 167
168 168
169 169
170 171
171 171
172 173
173 175
176 176
178 179
180 180
180 182
183 183
183 185
185 186
186 187
191 191
192 192
194 194
195 198
201 201
201 203
204 204
206 207
209 209
209 210
212 212
213 215
218 219
223 225
227 227
228 228
229 232
232 233
233 237
237 240
241 241
242 246
247 247
251 256
256 258
259 260
262 262
266 266
267 269
270 274
278 279
285 287
287 289
289 291
295 296
296 296
301 302
302 303
312 315
316 317
