56 159
114 14
80 29
87 160
50 61
100 69
112 1
14 81
23 119
33 53
132 102
63 71
7 112
18 84
32 240
149 48
222 1
95 14
64 102
161 72
208 35
80 86
49 95
126 12
61 237
156 68
35 181
105 16
42 84
51 2
119 58
151 12
66 104
36 74
196 111
132 154
233 48
82 161
57 141
180 5
16 27
64 94
221 133
174 189
34 206
240 72
160 9
46 78
1 141
19 54
27 87
118 192
62 148
161 93
130 212
12 230
43 1
100 183
23 51
33 80
9 142
109 65
86 203
236 18
126 220
177 114
1 27
70 132
149 54
161 33
98 186
225 10
78 119
38 17
82 43
190 122
24 66
105 154
86 5
29 233
72 174
195 10
90 108
31 15
73 180
217 55
160 199
236 114
129 35
76 146
1 101
18 58
203 94
186 1
39 223
133 169
22 189
150 77
62 107
192 22
51 57
164 177
1 41
240 77
8 139
125 161
196 58
95 5
24 154
81 181
126 41
111 199
169 5
60 95
23 183
80 199
41 160
169 217
114 142
83 179
7 24
99 56
160 234
129 177
71 115
190 141
160 61
179 11
43 137
88 27
145 152
168 9
195 235
92 126
80 27
47 113
150 85
128 28
173 207
55 224
101 1
80 143
240 160
87 130
29 62
185 35
96 153
170 227
131 53
177 1
21 240
76 90
69 103
59 34
132 144
4 156
180 98
119 169
92 106
217 183
60 81
66 201
31 146
14 107
212 228
65 173
81 160
87 219
7 107
190 50
95 121
63 134
147 76
166 206
42 176
240 1
192 87
96 67
211 135
160 240
5 150
194 96
39 230
196 150
179 61
6 95
107 134
166 79
215 15
1 1
6 7
7 9
11 12
13 15
15 18
19 20
20 20
22 22
23 27
28 29
30 31
32 32
33 35
36 36
37 38
38 40
40 42
42 43
43 44
45 46
46 50
51 53
53 54
54 54
55 56
57 57
58 60
61 61
63 65
65 66
66 67
69 70
71 71
71 72
72 72
73 75
75 75
76 76
76 77
77 80
80 80
80 81
81 81
82 82
82 83
83 86
86 86
88 88
89 89
90 91
91 91
93 93
93 94
94 94
95 95
96 98
98 98
99 99
102 102
103 104
105 106
106 106
106 107
107 107
109 111
112 112
112 113
113 114
114 115
115 115
115 116
116 117
118 120
120 122
122 123
124 124
125 125
126 127
129 129
130 130
130 132
132 134
135 136
136 136
136 137
137 137
137 139
139 140
141 142
143 143
145 145
146 147
147 148
149 149
151 152
153 153
155 156
157 160
160 161
161 161
161 161
162 162
162 164
166 166
167 167
167 168
169 172
172 173
174 175
176 177
178 178
181 182
182 182
183 185
187 187
188 189
189 189
192 192
194 194
195 196
196 197
197 197
200 201
202 203
203 204
206 209
209 210
210 210
212 213
213 215
217 219
219 221
222 222
223 224
224 224
226 228
230 231
231 231
232 232
234 236
236 236
236 237
238 238
240 240
240 241
241 241
241 241
242 243
243 244
244 244
246 246
247 247
249 250
250 252
253 253
253 257
260 260
261 261
261 263
265 265
266 266
269 269
270 270
270 270
273 274
275 275
279 279
280 281
281 282
282 282
284 284
285 286
286 286
288 288
289 291
291 294
295 300
300 301
301 301
302 302
302 305
307 307
310 312
312 313
314 314
316 316
316 317
317 318
