4 49
128 141
240 105
90 160
171 183
36 75
206 62
240 10
152 118
127 48
95 171
80 181
33 22
60 137
125 146
11 112
154 240
99 171
51 88
32 77
189 201
21 45
126 137
53 147
98 160
223 174
38 88
7 78
185 234
114 126
196 28
69 104
58 205
140 146
19 154
216 131
172 80
115 222
40 189
232 6
69 102
198 32
210 129
140 149
56 21
118 158
101 172
87 222
48 184
76 193
228 203
65 136
32 121
127 148
157 211
1 58
93 102
111 167
176 220
81 240
25 77
228 65
195 17
44 127
139 204
110 152
240 61
95 161
213 8
83 175
33 225
129 140
190 2
75 120
146 50
113 25
157 199
67 206
236 40
92 170
213 59
86 118
15 126
135 144
221 53
73 108
191 99
156 226
3 92
203 26
45 178
234 61
84 209
214 117
126 132
184 39
138 55
110 16
72 146
193 68
224 32
98 155
199 46
85 207
8 117
124 178
234 23
133 74
102 214
141 53
95 189
35 68
149 159
197 87
131 169
46 113
117 14
203 226
61 176
29 104
77 232
96 152
211 38
129 144
187 23
120 161
112 194
216 1
67 86
169 50
82 176
31 154
202 224
13 61
100 43
75 130
136 184
113 121
144 166
230 105
190 210
54 89
3 22
69 96
173 152
235 33
49 63
84 196
160 216
79 184
202 114
121 132
221 238
13 44
59 29
104 168
143 54
160 206
9 22
93 227
70 151
173 191
50 36
84 213
125 158
231 1
114 135
15 46
63 180
108 164
29 75
141 217
234 56
98 201
147 22
38 92
124 167
221 150
6 53
129 237
206 65
84 169
1 111
134 154
105 223
60 191
15 47
208 115
30 100
172 74
240 56
141 94
209 157
40 9
24 122
193 69
86 140
175 50
124 161
225 5
22 66
101 143
211 34
82 110
175 232
48 127
18 60
194 209
224 30
94 144
236 76
45 127
176 1
57 114
71 12
87 159
238 26
145 175
224 113
211 39
192 84
53 101
143 160
68 226
8 74
96 175
211 1
20 189
36 234
126 141
51 66
109 90
157 192
211 240
33 123
106 1
19 62
174 84
210 120
31 46
101 137
227 158
170 80
13 56
117 200
212 28
185 69
168 228
6 16
40 113
152 51
134 228
161 81
1 36
44 149
89 61
128 23
102 54
182 165
83 21
143 7
76 197
1 218
130 5
21 80
68 187
174 85
1 1
1 1
2 3
4 4
4 6
7 8
10 12
12 14
14 15
15 16
16 16
18 19
21 23
24 24
25 25
26 26
26 26
28 28
29 29
31 32
32 34
35 35
35 36
37 37
38 38
38 39
40 40
41 42
42 42
43 43
44 45
45 45
47 47
48 48
49 49
49 50
50 52
52 52
54 54
54 55
55 55
57 58
59 60
60 60
61 62
62 62
63 63
64 64
65 65
66 66
66 69
70 71
72 72
72 72
72 72
73 73
73 73
73 74
75 75
76 76
77 77
78 80
80 81
81 81
81 81
82 82
82 83
84 84
84 85
86 86
87 88
89 89
89 90
90 90
90 91
91 92
92 92
93 94
94 95
95 95
96 97
97 98
99 99
99 99
99 100
101 101
101 103
103 103
104 105
105 106
107 107
107 108
108 108
109 110
110 110
110 111
111 112
112 113
113 113
113 114
114 115
115 115
116 119
119 119
120 120
120 120
120 121
121 123
123 123
124 125
125 125
126 126
126 127
127 128
128 129
130 130
130 131
131 131
132 132
133 133
134 134
136 136
136 137
137 137
137 138
138 138
139 139
139 140
140 140
140 141
143 143
144 144
145 145
146 146
146 147
147 147
147 147
149 149
149 149
149 150
151 151
152 152
153 153
153 153
153 154
155 156
156 156
156 156
157 157
160 160
160 161
161 161
161 161
162 162
162 163
163 163
164 166
166 166
167 167
167 167
168 168
168 168
170 171
172 172
173 173
174 175
175 175
176 176
176 176
177 177
178 178
178 178
179 180
180 180
181 182
183 184
184 184
185 186
187 187
187 187
188 189
189 190
192 192
192 192
193 193
194 194
195 195
195 196
197 197
197 198
198 199
199 200
201 202
203 204
204 204
204 205
205 205
206 207
209 209
210 211
211 211
211 211
211 212
212 212
212 212
216 216
219 219
219 219
219 220
220 220
220 221
222 223
223 226
226 226
227 228
228 228
228 229
229 229
229 233
233 234
234 235
236 236
236 236
237 237
241 241
241 241
241 242
242 243
244 244
245 245
246 246
246 249
249 250
250 250
251 251
253 254
255 255
255 256
257 258
260 260
260 260
260 261
261 262
264 265
265 266
266 267
267 268
269 270
271 271
271 274
274 275
276 278
279 281
282 282
282 282
283 285
285 288
289 291
292 294
296 298
298 301
307 308
310 310
311 316
316 316
317 317
318 320
