31 91
150 191
201 239
81 103
160 227
65 212
19 171
54 10
122 181
40 106
237 134
160 192
80 67
172 17
102 59
75 91
114 123
1 146
37 28
195 229
240 175
64 75
93 12
53 101
110 214
46 182
139 160
149 31
192 81
231 97
16 64
123 133
176 213
6 43
35 145
110 196
222 90
100 160
27 116
20 61
70 168
229 54
175 240
183 40
9 211
96 104
82 189
1 67
76 26
60 124
196 52
171 226
146 203
10 94
182 34
84 102
116 152
239 79
127 211
160 26
64 192
114 122
135 158
167 49
17 83
39 91
174 203
224 236
98 145
9 181
230 61
107 156
209 25
51 116
97 126
188 215
78 136
169 12
40 143
67 161
234 199
59 31
177 5
118 154
96 24
75 84
110 127
183 45
135 160
207 240
17 141
119 190
167 10
63 94
101 31
86 149
196 77
109 51
68 130
6 25
219 156
59 200
138 47
116 21
161 180
41 16
125 204
226 85
149 166
12 96
186 67
77 32
208 132
240 7
55 107
137 156
23 115
211 45
178 17
122 140
197 35
88 76
229 69
99 145
182 13
238 58
105 127
166 231
52 26
109 157
7 86
131 147
76 202
20 44
161 91
113 240
171 1
17 219
73 118
133 188
240 66
95 35
155 172
61 100
190 206
11 54
136 29
77 104
174 209
223 47
120 8
85 188
157 103
172 43
239 140
87 192
62 20
72 81
106 215
124 139
4 227
36 156
240 90
71 55
175 1
107 32
236 91
14 49
140 67
77 176
190 124
110 45
75 178
233 63
158 142
108 38
58 125
177 193
10 27
75 105
156 51
72 90
142 9
81 123
158 69
88 107
28 20
141 84
5 155
33 161
60 103
236 161
180 210
16 8
152 195
48 135
144 161
6 72
100 126
188 195
17 27
54 65
78 134
173 236
161 86
106 46
116 4
68 80
96 21
34 58
125 157
43 112
143 181
79 25
19 1
69 7
165 240
38 99
155 144
222 31
111 19
57 193
81 214
123 11
107 1
67 238
134 182
3 102
118 80
66 190
143 238
11 80
240 20
37 81
173 89
55 1
77 194
10 87
130 209
31 142
224 1
1 1
1 1
1 2
2 2
4 5
5 6
6 8
9 9
10 11
11 11
12 12
12 13
14 19
20 21
22 22
22 22
22 23
25 26
28 28
28 29
32 33
33 33
34 34
34 34
34 36
36 37
38 39
40 40
44 44
45 46
46 46
47 47
49 50
50 52
52 53
53 53
54 54
54 55
56 57
57 57
58 58
59 59
60 61
62 63
63 64
64 65
65 66
66 66
67 68
69 69
70 71
72 73
74 75
75 75
76 76
76 76
76 76
77 77
77 78
80 80
80 81
81 81
81 82
83 84
85 86
86 86
86 86
86 87
87 88
90 90
91 92
92 92
93 93
94 95
95 95
95 96
97 98
99 99
99 100
100 100
101 102
103 103
104 105
105 106
107 107
107 107
107 107
108 108
108 109
111 112
112 113
113 114
115 115
116 116
117 117
117 117
118 118
119 119
119 120
120 120
121 122
122 123
124 124
125 125
125 126
127 128
128 128
130 130
130 131
131 131
132 132
133 133
134 134
135 135
135 138
138 139
139 139
140 142
143 143
143 143
144 144
145 145
146 146
147 147
148 148
149 149
149 151
151 152
153 153
153 154
155 155
155 156
156 157
157 157
158 158
158 160
161 161
161 162
162 162
162 162
163 163
164 164
165 166
166 166
166 167
168 168
170 170
170 171
171 171
173 173
174 174
174 175
176 176
177 177
178 179
179 180
181 181
181 181
182 183
183 184
184 185
185 185
186 187
188 188
190 190
191 192
193 194
194 194
195 195
195 196
197 198
199 201
202 202
203 203
204 205
207 207
207 207
208 209
209 209
212 212
213 213
213 214
216 217
217 218
219 219
219 220
222 222
224 225
225 226
226 227
228 228
230 230
230 231
232 232
234 235
235 237
237 238
238 240
240 240
240 241
241 241
241 241
241 241
241 242
243 243
244 244
245 247
247 247
248 252
252 253
253 255
255 257
257 258
260 261
264 264
268 268
268 269
269 269
272 272
275 275
276 276
277 281
281 282
284 284
285 285
287 290
291 293
293 293
295 296
296 299
299 302
304 306
310 310
311 311
312 314
317 317
317 318
318 318
318 319
320 320
