26 92
111 117
124 130
144 150
183 191
101 240
198 85
160 226
48 208
171 16
62 71
185 8
36 220
120 98
110 129
143 87
196 1
26 80
166 71
231 240
202 55
175 16
44 121
183 216
108 129
91 99
35 81
138 160
148 194
1 72
226 27
62 51
110 177
234 45
123 97
133 185
80 215
14 147
162 31
64 198
111 225
54 101
118 91
170 85
178 1
142 208
233 240
44 186
20 37
63 192
215 107
90 98
10 56
129 30
161 200
85 145
175 79
70 151
24 43
230 187
207 63
121 134
158 98
106 89
166 216
15 55
197 30
173 83
120 128
221 9
26 70
151 180
208 3
39 97
105 229
90 187
81 163
18 56
114 215
32 123
235 133
194 143
221 46
68 105
151 177
7 25
39 86
59 205
236 184
127 162
19 76
34 119
137 105
144 169
191 1
49 69
94 84
240 151
218 12
176 129
198 23
41 159
55 112
105 120
141 204
97 6
166 36
50 88
17 79
149 128
172 209
190 63
29 71
235 137
44 161
178 212
24 60
196 10
39 98
109 144
55 90
216 120
80 168
150 6
21 129
69 232
154 189
219 32
1 48
136 207
103 28
113 158
14 61
175 193
92 142
210 237
85 120
224 25
41 125
52 75
160 8
146 36
103 240
70 129
184 212
19 108
236 148
134 200
33 170
46 63
91 113
186 18
85 118
229 151
202 217
41 29
81 122
188 205
13 96
56 75
138 172
220 39
104 122
156 24
164 240
7 51
68 142
107 190
204 34
125 211
240 101
155 225
143 171
50 66
84 93
18 7
111 226
175 190
204 213
33 94
127 238
45 79
157 5
16 113
61 191
32 143
172 227
99 130
203 239
157 44
91 31
57 73
174 192
1 160
99 129
71 145
206 14
27 88
231 42
193 56
207 84
173 101
128 161
1 114
12 27
65 98
144 194
233 42
56 176
210 80
112 129
25 96
161 223
234 39
195 54
74 110
173 14
146 209
126 157
93 39
238 25
8 108
171 185
197 49
87 127
224 157
23 62
211 143
1 80
35 105
186 199
238 14
125 212
3 47
77 105
156 225
139 173
66 73
83 1
33 186
121 157
178 199
233 58
90 165
207 47
76 129
225 1
97 24
137 116
214 35
72 158
188 51
96 199
240 13
81 65
112 224
22 199
55 240
10 50
98 154
186 29
140 45
126 161
74 200
22 68
94 37
107 240
136 161
17 86
213 60
228 198
50 31
148 232
133 225
46 73
96 171
197 240
7 113
159 128
143 185
203 239
21 75
87 31
56 1
166 81
104 210
158 18
240 39
139 97
162 23
88 1
136 64
193 207
154 240
32 80
105 114
125 49
178 27
81 1
1 1
1 1
1 1
1 1
1 2
2 3
4 4
4 5
5 6
7 8
8 8
10 10
10 11
12 12
12 13
14 14
15 15
15 15
16 16
16 17
18 18
20 20
21 21
21 22
22 23
23 24
24 24
24 25
25 26
26 26
27 27
30 30
31 31
32 32
33 33
33 34
34 35
35 37
38 38
38 39
39 40
40 40
41 41
42 42
43 43
43 43
43 45
45 46
48 48
48 48
49 50
50 51
51 51
52 52
52 53
53 53
54 55
55 56
56 56
57 57
58 58
58 58
60 60
61 61
61 62
62 62
63 63
64 64
64 64
66 67
68 68
68 68
70 70
70 70
70 71
71 73
73 74
74 74
74 75
75 75
76 76
77 77
78 78
78 80
80 81
81 81
81 82
83 83
84 85
85 86
86 87
87 87
88 88
88 88
89 89
89 89
90 90
92 92
93 93
94 94
95 95
96 97
97 98
98 98
98 99
100 100
101 101
101 102
103 103
104 104
104 105
106 107
107 107
108 109
109 109
109 111
111 111
112 112
112 112
113 114
114 114
115 116
116 117
118 118
119 120
120 121
121 121
122 123
123 123
124 125
126 126
126 127
127 127
127 128
128 128
128 129
129 130
132 132
132 133
133 133
134 134
136 136
136 137
137 137
137 139
139 139
141 142
142 143
143 144
144 144
144 144
145 146
146 146
147 147
148 149
150 150
150 150
150 152
152 153
153 153
153 154
155 156
156 156
158 158
158 160
160 160
160 161
161 161
162 162
162 162
163 163
163 164
164 165
165 165
165 166
167 168
168 169
169 170
170 171
171 171
171 174
174 174
175 175
175 176
176 177
178 178
178 179
179 179
179 180
181 181
182 182
182 184
184 185
185 186
186 188
188 188
189 189
189 189
191 191
192 193
194 194
195 196
196 197
197 199
199 199
200 200
200 200
201 201
201 201
202 204
204 206
206 206
207 207
208 208
210 210
210 210
211 212
212 213
213 214
215 215
216 217
218 218
218 219
220 220
220 220
221 222
222 223
224 225
225 226
226 228
228 228
229 229
229 231
231 231
232 232
232 233
233 235
236 236
237 237
237 238
238 238
238 238
240 240
240 240
241 241
241 241
242 242
245 245
246 246
247 247
247 247
248 248
249 249
250 250
251 254
254 256
258 260
260 261
261 261
261 261
262 262
263 265
265 266
266 267
269 269
270 271
271 272
273 275
275 275
276 276
277 278
279 279
280 282
283 284
284 284
284 285
285 286
289 289
291 291
291 291
291 292
292 295
297 297
298 298
300 300
300 301
302 302
306 308
309 311
313 313
314 314
315 315
315 316
316 317
317 317
317 317
318 318
320 320
