63 81
135 144
174 188
195 237
126 88
228 205
55 112
216 76
47 140
153 162
173 128
187 65
111 38
210 240
95 83
161 220
55 139
149 171
131 228
74 121
181 112
191 196
101 66
238 38
90 150
165 211
136 175
85 120
221 189
229 240
33 53
102 151
71 140
158 205
130 201
93 124
184 214
24 221
40 83
229 16
59 101
129 146
157 138
77 95
236 34
124 49
118 11
69 192
217 109
173 63
83 199
102 146
159 137
230 25
128 207
94 122
167 54
70 214
240 37
108 191
12 48
137 144
222 66
130 78
229 154
203 27
43 95
162 115
173 58
72 144
183 107
235 2
86 191
217 34
126 19
79 98
65 166
46 115
202 225
14 85
144 158
176 184
208 240
59 74
108 133
231 124
190 27
42 169
216 7
199 238
52 80
144 151
95 160
181 37
63 136
205 127
188 76
118 167
46 212
1 14
57 102
229 111
176 27
200 217
69 84
99 137
148 236
184 64
130 159
7 36
79 51
95 120
207 20
190 168
113 61
76 109
193 176
228 46
1 72
88 143
197 153
28 42
131 101
160 181
232 69
125 217
10 55
164 200
81 92
115 185
66 142
36 168
22 49
110 223
76 148
7 188
88 174
21 60
209 131
153 238
103 224
74 157
1 86
125 191
240 60
30 161
121 226
81 136
177 24
70 96
115 211
13 40
144 160
195 225
54 240
80 181
109 147
92 165
66 194
49 36
74 124
133 210
235 7
107 180
91 151
160 80
142 214
228 21
60 134
167 240
33 49
196 75
119 153
86 102
229 3
21 32
140 170
183 211
47 58
196 73
131 114
98 86
213 15
199 231
57 72
140 168
32 184
43 112
129 231
55 69
83 97
161 125
141 212
13 167
200 154
161 139
183 30
42 106
10 214
232 54
69 97
120 152
168 83
136 199
67 9
25 150
212 233
81 95
115 185
165 196
55 133
37 7
80 148
67 210
223 49
166 234
127 195
20 91
35 104
182 64
120 145
2 76
165 223
236 34
55 96
118 16
145 178
195 44
88 211
107 123
160 224
29 74
196 236
82 98
215 116
203 41
88 138
176 209
12 156
195 65
225 76
92 113
236 176
39 54
11 105
130 168
155 25
63 122
236 6
36 96
138 192
91 179
223 50
70 86
200 22
164 114
237 62
134 34
108 78
147 160
175 2
47 199
20 56
126 101
234 90
49 186
71 172
17 33
112 135
209 233
46 80
152 196
29 167
181 221
60 146
126 13
70 95
40 203
119 142
160 56
150 27
77 216
6 176
135 160
231 199
165 206
43 61
126 1
40 173
102 228
70 190
240 142
151 87
119 214
160 58
65 75
136 1
1 1
1 1
1 1
1 2
3 3
4 5
5 6
7 9
9 9
9 10
11 11
13 13
14 14
14 15
17 17
18 19
19 19
19 20
20 21
21 21
22 23
23 24
25 25
27 27
27 27
27 28
29 30
30 30
32 32
32 33
33 34
34 35
35 35
35 36
36 37
38 39
39 40
40 42
42 43
44 44
44 44
44 44
45 46
47 47
48 48
49 49
50 50
50 50
51 52
53 53
53 54
54 54
55 55
56 56
57 58
58 58
60 60
60 60
62 63
63 64
64 64
64 64
65 65
66 67
68 68
69 69
69 69
70 70
72 72
72 72
73 73
74 74
74 75
76 76
77 77
77 78
78 80
80 80
80 81
81 81
81 81
82 82
82 83
84 84
84 84
85 86
88 88
88 88
90 90
90 91
91 91
91 92
92 92
93 93
93 94
95 96
97 97
97 98
98 99
99 100
100 100
101 101
102 103
103 104
105 106
106 106
106 107
108 108
108 109
109 109
110 110
110 110
111 111
112 113
115 115
115 115
116 116
117 119
119 119
119 119
120 121
121 121
122 122
122 122
123 123
123 125
125 126
127 128
128 128
128 130
130 131
131 132
132 132
132 133
133 134
134 136
136 137
137 137
138 138
138 139
139 140
140 141
141 141
141 142
143 144
144 145
145 146
146 147
148 148
148 148
148 149
149 150
150 150
150 151
151 152
153 155
155 156
156 157
157 158
160 160
160 160
160 160
161 161
161 162
162 162
163 163
164 164
165 165
165 165
165 166
166 168
169 169
170 171
171 171
172 173
173 173
173 173
173 174
174 174
175 175
177 178
179 179
180 180
180 181
181 181
181 183
183 184
184 184
187 188
188 189
189 189
190 190
190 191
191 191
192 193
195 195
196 196
196 197
197 197
198 198
198 198
199 199
200 202
202 205
206 206
206 206
206 207
207 207
208 209
209 211
211 212
213 214
214 215
215 215
216 216
216 217
217 218
218 220
220 220
221 222
223 225
225 225
225 225
227 228
228 228
229 229
229 229
230 230
230 233
233 234
234 236
236 236
236 237
237 238
240 240
241 241
241 242
242 243
243 244
245 245
246 246
246 247
248 249
249 250
250 250
251 253
254 255
255 256
259 259
259 259
259 260
260 260
261 262
262 262
263 263
264 265
267 267
268 268
269 269
269 270
271 271
271 272
274 274
275 276
277 278
278 279
280 282
282 283
283 283
284 286
288 288
288 290
290 290
290 291
293 294
295 296
296 297
297 299
299 300
301 303
305 306
306 307
307 308
308 308
310 311
311 312
312 312
313 313
313 314
315 316
316 316
317 317
318 318
318 319
320 320
320 320
