36 76
97 102
151 179
219 179
160 20
240 194
116 80
160 80
80 1
28 240
178 160
1 102
7 175
240 80
112 160
62 81
44 211
8 132
173 240
160 217
23 85
148 66
22 240
160 8
105 216
24 240
54 108
17 240
221 5
37 92
115 29
160 85
22 46
205 121
114 160
234 20
184 13
98 42
30 63
83 130
161 228
240 29
5 59
156 214
234 24
98 186
201 207
86 111
118 127
171 158
240 226
18 211
42 68
9 126
133 228
30 60
235 141
165 215
156 174
57 25
45 238
228 158
172 35
126 29
89 145
192 60
175 224
210 102
81 178
193 143
195 16
177 214
144 124
39 230
239 160
121 12
31 52
203 1
81 229
70 141
213 136
21 229
107 126
189 79
240 152
224 30
5 23
131 104
221 185
240 156
1 1
1 1
1 1
1 4
5 6
7 10
12 14
22 25
39 40
42 45
47 48
53 59
64 65
70 72
72 72
75 77
78 80
81 81
81 82
83 83
85 85
86 89
91 96
98 99
99 105
107 109
110 111
112 118
120 121
121 123
124 125
125 127
130 133
134 136
137 137
137 138
138 140
141 145
146 147
147 148
148 150
151 152
154 157
157 157
157 158
158 158
158 160
161 161
161 161
161 162
162 164
165 165
172 172
173 174
175 176
178 178
178 179
182 182
184 184
186 187
189 195
196 197
199 205
207 208
208 210
211 212
212 213
214 216
221 221
221 224
228 229
230 230
231 232
235 235
237 239
240 241
241 241
241 242
242 242
243 243
247 253
262 264
270 271
273 277
278 279
284 285
286 292
292 300
304 306
316 318
