1 33
91 140
177 239
160 80
206 227
140 169
57 195
2 15
127 221
107 43
51 80
29 19
83 135
202 161
184 80
24 160
4 14
176 237
231 161
127 149
35 51
166 25
178 80
160 19
6 57
169 45
143 26
231 176
131 196
215 73
16 160
200 156
181 240
14 44
32 59
90 2
234 187
159 80
208 86
146 45
52 6
32 115
194 236
217 17
25 60
166 84
101 134
157 200
109 76
143 184
210 222
11 135
240 121
89 1
107 186
53 169
210 149
126 139
78 93
175 192
236 111
213 63
147 16
48 129
67 232
200 157
113 146
180 96
163 11
132 53
235 22
69 197
115 101
151 166
182 130
49 67
85 5
31 222
118 240
137 201
101 189
171 232
68 20
87 153
48 160
30 188
205 84
153 103
47 15
67 119
169 138
214 69
87 154
204 238
227 26
45 172
119 139
63 100
188 216
110 161
22 194
209 238
1 154
40 59
7 138
68 172
240 102
117 36
55 151
203 215
17 170
184 227
5 98
161 51
81 25
120 152
8 228
65 194
113 215
161 78
95 154
182 136
228 109
120 61
161 18
197 76
132 30
92 182
151 36
116 131
213 230
13 148
72 130
179 31
229 212
9 24
196 109
46 179
229 157
61 209
103 161
217 73
195 1
81 37
120 152
178 51
17 100
192 32
49 149
240 131
112 225
65 127
206 47
25 87
106 222
42 240
1 59
80 161
99 94
152 81
199 47
22 1
192 99
38 80
232 209
153 189
28 123
236 81
1 1
1 1
1 1
2 3
3 3
4 4
5 5
8 8
8 12
13 14
15 15
17 19
20 23
24 25
26 27
29 30
31 32
34 34
36 37
38 39
40 40
40 41
43 44
44 46
49 50
50 51
51 55
55 56
57 57
57 58
59 60
60 61
61 62
63 64
65 65
66 67
68 69
73 74
74 76
76 77
77 78
78 78
78 78
80 81
81 81
81 82
82 82
83 83
84 85
85 85
85 86
87 87
87 88
89 92
92 92
94 94
94 96
97 97
98 100
100 101
101 103
103 104
105 107
108 108
109 109
110 111
112 112
112 113
113 114
114 116
116 118
118 118
120 121
121 122
122 124
125 126
126 127
127 127
128 128
130 130
131 131
132 132
134 135
135 135
136 137
141 142
142 143
143 144
145 146
146 146
146 147
150 152
152 152
152 152
153 154
154 155
156 156
157 157
157 158
160 160
161 161
162 162
164 164
165 165
167 167
168 168
169 170
175 176
176 176
176 176
177 177
177 178
179 181
181 182
182 183
184 184
185 187
188 188
189 189
190 191
193 194
194 195
195 196
196 197
198 199
199 201
201 205
205 205
206 208
208 208
209 210
212 212
215 215
215 217
217 221
222 223
223 225
227 229
229 230
234 235
236 237
238 241
241 242
242 243
244 244
244 245
249 249
251 252
252 252
254 255
257 260
262 262
262 263
264 270
271 271
272 272
276 278
279 279
283 288
288 292
295 296
299 300
303 305
306 307
307 309
313 313
317 318
318 320
