67 103
116 158
171 20
56 240
140 4
119 66
107 145
240 127
230 80
39 187
202 167
22 236
240 8
122 224
50 39
101 86
201 161
175 23
73 144
231 60
9 99
47 187
89 174
200 214
33 143
65 119
19 47
88 175
80 152
240 7
139 30
126 64
110 99
51 204
15 86
160 240
214 228
195 40
35 121
6 70
107 211
97 240
26 55
220 137
160 186
85 195
123 40
213 115
8 67
30 240
96 21
166 143
177 48
205 102
211 80
240 37
223 11
70 233
157 29
151 61
127 182
118 209
103 52
94 16
85 154
38 76
239 139
165 179
129 117
188 199
67 212
25 106
59 1
91 235
160 168
226 48
80 178
124 136
14 193
99 39
70 112
212 28
5 163
171 182
150 57
140 87
239 128
202 24
112 49
79 105
213 19
144 157
95 227
44 125
168 179
71 134
16 39
118 192
237 63
202 85
213 30
161 8
105 154
80 96
183 25
51 195
1 133
240 125
20 48
164 175
116 80
105 145
69 135
190 40
63 160
231 94
58 121
149 176
7 207
200 84
223 31
157 53
1 104
168 240
75 22
142 175
43 134
199 96
67 16
160 236
117 90
168 61
34 240
113 84
193 11
207 160
76 148
52 122
131 160
27 1
72 99
92 125
151 227
180 200
210 165
45 181
18 66
228 213
161 179
81 105
197 230
61 35
12 212
96 160
198 80
56 73
195 6
157 177
213 26
105 236
1 45
196 17
63 81
42 98
56 35
80 211
13 226
29 160
48 69
113 189
5 46
1 1
1 1
1 3
3 8
9 11
13 16
18 18
19 21
21 22
24 25
25 28
30 31
31 33
33 34
35 37
37 39
39 40
41 42
42 42
46 47
48 48
49 51
52 52
52 52
54 55
57 57
61 62
62 64
66 66
66 67
67 69
69 71
71 73
74 75
76 76
76 76
77 77
78 80
81 81
82 83
84 84
85 85
86 86
86 90
90 90
91 91
92 93
93 94
95 96
97 97
99 101
101 102
102 103
104 106
107 108
108 109
109 110
110 110
112 113
113 114
114 114
115 116
117 119
119 121
121 122
123 124
124 125
125 125
127 128
128 128
129 130
131 131
132 133
134 135
137 137
137 138
138 138
139 139
140 140
142 143
144 144
146 147
148 148
149 149
150 151
151 152
152 153
155 156
156 157
158 160
160 161
161 161
162 162
163 163
163 163
164 164
165 165
167 167
167 168
169 170
171 172
172 173
173 174
176 177
177 178
178 178
179 180
180 181
184 184
185 185
186 187
189 189
191 192
193 194
195 195
196 197
200 200
200 200
201 201
202 203
206 208
208 209
210 212
212 212
214 215
215 216
217 217
217 219
220 221
221 222
224 228
228 230
231 231
232 233
233 234
235 236
237 240
241 241
241 242
243 245
245 245
246 246
246 246
247 248
248 250
253 253
254 254
255 256
259 260
261 261
261 263
264 265
266 266
267 269
269 270
274 277
277 278
279 279
279 281
282 283
285 285
287 288
288 290
293 295
296 300
302 304
305 308
309 309
310 314
316 316
317 320
