21 30
64 80
113 124
157 168
198 240
218 164
240 82
2 160
2 162
81 84
240 203
82 160
162 1
240 4
80 84
2 191
160 240
1 81
160 192
209 2
82 162
240 103
81 167
160 218
240 82
162 234
112 2
240 81
156 161
11 38
80 106
1 122
231 160
240 98
81 221
171 224
240 128
164 178
198 80
72 211
84 34
2 110
4 160
128 137
175 240
116 52
163 187
82 205
218 41
1 240
139 32
160 130
230 240
2 63
105 163
98 183
194 88
20 240
78 151
160 240
138 164
175 189
116 102
2 201
24 60
92 210
240 54
82 134
165 176
145 47
68 4
96 221
160 58
141 148
88 234
2 81
23 190
114 140
157 175
204 209
233 48
80 124
195 161
219 135
144 162
239 65
35 11
2 82
91 160
27 190
1 78
131 240
161 112
150 164
70 185
100 138
67 239
9 82
126 2
90 162
32 59
205 85
108 2
29 160
82 51
1 173
72 104
240 203
221 66
94 39
163 84
139 108
6 156
184 216
231 166
7 87
109 158
195 81
33 1
76 162
3 156
98 80
161 236
20 115
182 44
19 81
145 65
238 162
78 36
231 82
238 161
215 1
129 8
239 49
108 178
68 3
86 160
238 121
19 81
118 236
161 167
162 73
162 80
182 217
92 142
225 1
1 1
1 1
1 1
1 1
1 4
7 13
15 17
19 20
22 23
26 26
27 29
30 33
34 37
38 40
40 41
41 42
48 49
50 54
54 55
56 56
57 57
59 63
65 66
68 68
69 69
70 71
75 76
77 77
77 81
81 81
81 82
83 83
84 87
88 89
89 90
90 91
92 92
92 92
93 94
94 95
96 97
99 101
102 103
103 103
103 104
105 105
105 107
108 108
110 111
111 113
114 114
115 115
115 116
116 116
117 118
118 119
121 122
124 125
125 126
128 129
129 129
129 130
132 133
133 135
135 137
137 138
139 139
141 141
141 142
143 148
150 151
152 153
155 155
155 156
156 157
157 160
160 161
161 161
161 161
161 161
162 162
162 163
165 168
169 169
169 169
171 173
174 175
177 178
180 184
184 185
185 185
187 190
192 193
193 195
197 198
201 202
203 204
204 204
205 206
206 207
208 208
210 211
212 212
214 215
216 217
219 220
220 224
226 229
230 231
232 232
233 236
237 238
238 238
238 238
240 241
241 241
241 241
242 244
245 249
249 251
252 253
254 257
258 259
259 261
263 264
264 265
266 266
268 269
273 273
275 275
278 278
280 282
284 285
287 287
288 290
293 293
293 294
296 298
299 303
304 305
305 311
317 317
318 318
318 320
320 320
