7 42
94 146
160 185
196 1
174 77
161 154
70 128
16 240
1 106
45 82
2 162
226 49
240 1
161 82
2 128
240 51
113 81
198 9
160 166
80 84
1 146
240 19
1 211
161 162
80 70
17 240
232 193
50 103
160 2
81 41
240 76
80 27
130 8
15 42
55 63
92 106
144 168
175 192
211 157
81 2
84 127
72 228
240 25
191 160
55 95
133 1
86 117
4 216
28 32
72 80
240 189
163 177
160 14
50 2
8 240
2 41
99 212
77 84
189 14
150 165
64 2
51 234
89 111
213 219
240 37
2 80
31 176
84 188
201 65
164 132
57 217
1 11
50 81
39 4
199 142
160 217
31 70
130 153
164 192
207 23
117 161
101 240
55 43
90 160
2 82
168 240
33 132
184 200
216 112
238 64
225 19
100 201
45 81
87 128
148 160
175 77
115 185
192 240
32 107
4 204
24 52
65 15
90 214
82 159
226 135
149 168
181 41
117 80
107 196
95 1
33 74
82 202
4 63
22 132
148 223
53 119
141 160
173 240
110 10
86 101
189 1
45 79
206 216
32 70
146 240
1 132
230 170
156 61
108 119
21 188
98 204
53 85
227 8
43 75
159 147
169 128
117 184
237 37
194 93
1 21
31 64
81 204
218 53
155 144
164 175
80 132
230 19
121 240
194 43
74 230
13 99
1 193
205 137
150 66
89 161
34 171
121 128
177 59
25 194
1 79
240 52
206 154
160 148
80 91
177 214
49 132
77 119
225 84
15 39
109 158
168 233
66 100
139 174
240 213
1 185
89 54
128 162
240 116
170 196
27 1
81 180
77 50
164 20
100 206
42 71
138 237
63 196
93 126
12 114
158 87
60 8
79 239
32 83
190 152
168 206
105 137
177 1
1 1
1 1
1 1
2 3
4 5
6 8
10 12
12 14
14 18
18 19
20 28
30 30
31 31
34 36
38 40
41 41
44 44
45 45
45 47
47 48
48 52
53 54
54 55
59 61
63 66
66 67
68 69
69 69
70 73
74 77
78 79
80 80
81 81
81 81
81 81
81 81
81 81
81 81
82 86
87 89
90 91
91 91
93 93
95 96
98 99
100 102
102 103
103 104
104 104
104 104
106 107
107 108
109 109
110 112
114 115
115 115
116 118
118 120
121 121
121 122
126 127
127 128
128 128
128 128
129 131
131 132
132 133
133 133
134 134
135 136
136 140
141 141
142 143
144 145
146 146
146 147
147 147
147 147
147 148
149 149
149 151
151 152
154 154
156 157
157 157
158 160
160 160
160 160
161 162
163 163
165 165
165 166
166 167
170 171
171 171
172 172
172 172
173 174
174 176
176 178
178 178
180 180
180 182
182 182
183 183
183 183
184 185
186 186
186 187
188 189
189 189
189 191
191 194
194 194
194 195
195 195
195 196
196 197
200 200
200 200
201 201
201 203
203 205
205 206
206 207
207 207
208 209
210 210
210 211
211 212
213 215
216 218
220 220
220 220
221 221
222 223
223 223
224 225
226 227
228 228
228 228
229 231
232 232
233 233
233 234
235 235
236 236
236 238
241 241
241 242
242 243
243 244
245 245
246 246
246 247
247 249
249 249
251 253
253 254
254 254
255 255
257 258
259 261
261 261
261 263
263 264
265 265
266 269
269 270
270 270
270 273
273 273
274 274
275 278
278 280
281 281
283 283
284 284
284 285
288 288
288 289
292 295
296 296
297 298
298 298
300 301
301 302
305 307
309 309
310 311
313 313
313 314
316 316
317 318
318 320
320 320
