1 27
85 96
131 158
206 238
59 169
144 198
46 81
122 80
109 2
161 141
240 86
117 240
37 160
148 59
3 29
119 212
19 48
84 147
155 72
133 240
38 123
62 1
98 28
90 4
53 160
146 240
79 186
172 15
122 162
133 71
111 221
7 97
27 161
174 185
240 2
86 142
131 53
14 46
76 220
158 169
39 179
234 2
189 62
92 146
226 78
140 1
209 27
84 160
192 234
52 112
101 163
219 240
21 77
175 185
43 1
91 33
63 112
1 8
160 102
179 30
190 59
81 199
87 131
1 239
121 162
170 23
76 111
151 240
100 63
139 126
162 182
10 82
207 1
90 191
86 6
58 109
163 237
158 175
101 148
1 27
82 50
217 183
73 206
229 135
19 123
167 195
200 67
96 184
218 234
86 119
142 179
1 15
38 111
159 236
32 91
190 199
146 158
185 58
138 206
5 83
237 78
106 160
51 240
99 152
5 119
73 187
21 233
81 113
161 46
150 169
187 203
68 20
236 103
139 220
38 116
167 82
62 237
81 186
133 32
179 1
202 184
10 113
237 52
72 80
91 187
6 238
87 110
219 24
47 1
70 124
160 174
153 104
200 234
1 62
81 126
177 191
207 224
19 38
58 133
152 170
198 233
240 80
99 1
158 124
141 80
196 55
212 96
115 161
240 227
181 48
70 193
162 94
211 25
133 175
39 160
85 57
149 230
12 105
161 81
203 162
226 185
29 4
63 134
88 173
1 203
81 161
216 81
44 38
160 231
69 141
160 1
81 200
6 59
1 1
1 1
1 1
1 1
2 3
4 4
5 5
6 8
12 14
15 16
16 19
20 24
25 26
27 28
30 30
30 30
34 35
35 38
38 39
39 39
40 40
43 44
45 46
46 47
49 49
50 50
51 51
52 53
53 53
54 56
56 57
60 60
62 63
63 64
64 65
65 65
66 67
71 71
72 73
75 75
76 76
76 77
77 78
78 78
80 81
81 82
83 84
84 84
84 84
85 85
89 89
89 89
90 90
90 91
93 97
97 100
100 100
103 103
103 104
104 106
106 108
108 108
109 109
112 112
114 115
115 116
117 117
117 123
124 126
126 129
129 129
130 130
130 131
132 134
136 137
137 137
137 137
142 142
143 143
144 144
144 145
145 146
148 148
148 152
156 156
156 156
156 157
157 157
157 157
160 161
161 161
162 162
162 163
163 163
164 164
164 165
166 169
169 170
170 170
171 171
171 174
175 177
180 180
181 181
184 184
185 185
189 189
191 191
191 192
192 192
193 193
194 195
197 199
199 199
202 202
202 203
204 206
207 207
209 210
210 211
211 212
214 214
214 216
218 218
220 220
224 225
226 226
226 227
227 229
229 229
229 229
231 234
234 235
237 237
237 238
238 238
238 238
241 241
241 241
241 241
242 243
243 244
246 247
248 249
249 250
250 251
251 252
254 254
255 256
257 259
260 260
261 262
263 264
266 266
268 268
270 274
274 275
277 277
277 279
281 282
283 284
286 289
290 290
298 299
301 301
302 303
304 305
308 312
312 312
316 316
316 317
317 317
318 320
