107 240
144 173
18 34
157 1
48 64
72 163
99 124
132 160
240 7
36 48
89 74
225 190
160 232
151 24
80 16
32 41
109 4
223 240
80 107
160 39
200 55
240 5
21 12
209 66
77 134
91 144
183 221
120 199
165 80
136 18
68 236
25 32
39 7
145 174
203 80
218 91
107 235
160 196
39 27
19 137
151 116
233 205
80 181
90 164
141 169
220 45
58 22
67 152
121 10
180 92
136 161
124 236
193 64
28 42
170 75
131 9
15 87
220 200
95 160
231 188
209 49
102 35
151 196
10 133
238 1
120 185
206 55
149 27
46 226
22 66
161 80
12 155
1 179
197 92
143 52
120 218
80 164
30 68
201 25
150 226
190 89
175 238
4 53
137 97
116 41
61 32
216 1
25 72
78 124
238 146
18 107
172 187
204 85
157 11
131 63
97 156
229 43
55 115
179 210
165 138
29 2
157 176
21 216
101 240
120 184
46 85
202 161
194 39
107 11
60 222
156 91
70 8
230 109
178 185
208 45
76 94
125 25
154 2
110 168
214 128
39 78
94 156
236 59
19 111
36 80
172 208
1 93
158 113
18 75
235 194
211 144
56 127
113 97
174 20
41 220
229 1
74 143
41 189
21 94
234 199
67 111
160 208
175 128
26 11
66 103
179 143
160 224
194 128
32 228
163 100
145 201
214 13
160 80
178 41
144 226
235 61
205 13
111 142
191 30
221 86
170 125
234 104
140 16
80 160
184 234
122 102
160 212
76 201
240 91
1 3
4 5
10 11
11 12
12 12
12 13
14 17
19 21
24 28
28 29
29 30
33 36
37 38
41 43
43 44
44 44
44 45
51 51
54 55
55 57
58 59
59 60
60 61
61 63
64 64
67 67
67 68
73 73
74 76
76 78
78 78
80 80
80 81
81 81
81 82
82 83
83 84
87 88
89 90
91 91
93 94
94 95
96 96
98 99
102 102
103 104
104 106
106 106
108 109
109 113
113 113
114 115
117 118
119 119
119 120
121 122
122 123
123 124
126 126
129 130
130 131
131 132
134 134
136 136
138 139
140 142
142 143
143 144
144 144
145 145
146 147
149 150
152 152
152 154
154 155
155 155
156 156
157 157
158 160
161 162
163 164
164 164
166 167
167 168
168 169
170 171
172 173
173 173
174 175
175 176
177 177
177 178
178 179
179 182
182 185
185 185
185 186
186 186
186 186
187 190
191 192
193 194
195 195
196 196
198 198
199 199
200 201
202 203
203 204
205 205
206 207
208 211
211 212
213 213
214 216
216 216
216 217
217 222
222 222
222 223
224 224
224 224
225 227
231 231
233 233
233 234
235 236
236 238
240 240
240 241
241 242
243 243
244 245
245 246
246 246
246 247
247 251
252 252
253 254
255 256
257 257
260 260
261 262
264 268
268 268
268 269
269 269
270 272
275 277
278 279
279 281
281 283
283 284
285 286
288 288
288 289
293 294
294 295
295 296
296 297
297 300
300 304
305 306
306 306
306 309
310 313
316 316
317 317
319 320
