5 28
45 145
158 115
80 85
234 40
172 89
160 210
144 53
80 14
189 27
107 223
160 240
90 1
60 119
15 176
240 30
74 100
218 64
1 109
183 228
12 81
160 240
69 140
24 100
33 128
239 150
195 81
91 136
13 72
180 25
222 240
59 115
160 88
167 4
18 69
95 120
137 240
159 202
31 83
182 59
104 142
6 90
168 212
17 81
222 131
161 116
240 28
231 146
78 131
139 55
1 38
158 203
11 183
240 17
64 87
190 114
129 146
46 215
98 24
173 71
153 200
240 36
97 121
227 2
55 107
141 14
79 119
98 161
185 42
128 240
61 146
25 214
74 104
119 168
192 91
235 1
226 67
177 32
11 80
51 123
155 138
189 67
18 36
98 161
187 220
199 240
85 113
53 72
101 136
164 20
37 144
155 1
74 81
175 206
90 55
118 22
214 232
2 105
142 38
162 57
231 19
91 158
173 74
123 137
197 1
168 42
59 222
112 20
117 132
91 142
78 184
217 153
194 206
231 41
14 60
150 166
111 128
97 211
77 19
196 240
1 161
134 151
114 174
224 54
95 14
200 80
160 1
118 99
161 52
137 208
160 187
234 31
166 80
120 152
50 15
186 199
100 115
130 67
25 6
43 148
201 100
62 118
169 232
39 83
207 168
63 240
151 120
134 190
48 216
1 23
174 80
154 210
39 221
240 9
80 166
55 97
28 74
137 81
175 156
136 229
19 117
44 67
35 160
223 175
1 58
235 150
203 22
160 124
9 74
224 32
62 234
55 132
115 168
13 220
1 187
42 30
70 180
219 19
113 6
134 46
153 30
65 175
11 112
133 54
240 80
160 39
1 1
1 1
1 2
3 3
5 9
10 11
11 11
12 13
14 15
17 18
19 19
20 20
23 25
25 26
27 30
30 31
31 31
31 32
36 36
36 37
38 38
38 38
39 39
41 42
44 45
45 46
46 50
50 50
52 52
52 54
54 56
57 57
57 58
58 62
64 65
65 66
67 67
68 68
70 70
70 71
71 72
74 75
75 75
76 76
76 77
77 78
78 80
80 81
82 83
83 84
85 85
85 85
88 88
88 89
90 90
90 91
91 91
92 92
93 94
97 98
98 98
98 99
99 99
99 100
100 101
103 104
104 106
107 107
107 110
111 111
112 112
113 113
114 114
116 116
116 117
119 120
120 121
121 122
123 125
126 126
126 127
128 129
130 130
130 133
133 133
134 134
135 135
136 136
137 137
137 138
138 139
140 142
142 142
142 142
144 145
146 147
147 147
148 148
148 150
150 151
153 154
154 154
154 155
156 156
156 157
157 158
158 158
160 161
161 161
162 162
163 163
163 164
164 165
165 167
170 170
170 170
171 171
172 172
173 174
174 174
175 175
177 177
178 179
179 180
180 181
182 183
184 185
186 187
188 190
191 191
192 192
192 195
196 197
199 199
200 201
201 201
203 203
203 204
205 206
208 210
210 211
212 212
212 214
216 217
217 219
221 221
222 223
223 223
224 224
227 228
228 229
230 232
233 233
236 238
238 238
240 240
241 241
241 242
243 244
245 245
246 246
247 248
252 253
253 254
256 256
256 258
258 260
261 262
265 265
265 271
272 274
276 276
277 277
278 278
281 281
283 286
287 287
287 290
290 295
295 298
301 305
306 306
308 309
312 313
314 316
319 320
