11 35
102 174
90 1
225 30
81 160
240 68
121 171
18 101
183 46
88 233
8 240
37 73
152 116
128 171
23 62
101 91
219 49
80 131
149 113
119 139
160 15
175 36
229 65
101 56
90 188
218 82
145 49
121 138
25 162
115 174
16 39
184 93
237 145
215 64
132 195
154 28
122 45
86 9
115 172
223 59
204 108
78 179
18 38
100 230
1 193
70 134
148 156
214 51
95 126
169 238
118 12
89 47
27 109
161 198
219 61
179 226
83 105
141 203
233 24
240 5
128 36
54 99
153 186
17 163
240 51
207 76
95 224
30 136
190 1
170 18
57 157
208 229
43 71
160 89
29 111
130 190
172 81
17 150
209 38
56 108
127 173
68 189
211 87
11 80
106 228
1 132
193 212
149 39
25 110
169 90
5 230
57 192
133 72
112 23
210 162
1 99
167 229
138 148
88 118
74 185
39 161
203 102
230 20
147 71
39 54
126 170
199 213
12 105
113 85
176 16
55 236
101 228
124 118
136 37
72 194
158 89
1 13
53 169
212 148
107 125
186 26
73 228
8 32
160 205
49 61
180 137
93 111
225 1
74 22
62 173
204 48
122 187
28 5
90 74
107 139
240 163
219 196
23 132
178 41
105 84
148 19
122 193
65 228
166 240
210 39
95 110
58 157
76 133
182 203
12 124
87 173
32 5
52 69
139 194
77 159
47 24
97 125
69 148
209 237
1 137
177 228
36 118
18 84
61 168
198 160
57 107
217 191
150 29
75 238
138 11
46 93
178 126
166 117
205 62
36 157
1 94
80 143
50 17
182 123
68 104
160 44
166 200
146 220
80 29
189 127
54 66
98 175
80 160
130 138
67 114
81 166
1 1
1 1
2 3
3 4
5 6
6 7
8 9
11 12
12 13
15 16
17 18
19 19
19 20
20 22
24 24
24 26
27 28
29 30
30 31
31 31
32 33
33 34
34 35
35 38
38 39
40 41
41 42
42 42
43 43
45 45
49 49
49 51
51 52
52 53
53 53
54 55
55 56
56 57
57 57
58 59
60 61
62 62
65 65
65 65
66 67
68 68
68 68
68 69
69 69
71 71
73 74
74 75
76 76
77 77
78 80
80 80
81 81
81 81
81 82
82 84
85 86
86 86
86 88
89 89
90 92
92 93
93 94
95 96
96 97
97 101
101 101
101 101
102 102
102 103
104 104
104 104
105 107
108 108
109 110
110 111
113 113
114 115
115 116
118 119
119 120
121 121
122 122
123 124
125 126
126 127
128 128
130 131
132 133
133 134
134 135
136 138
138 138
141 141
143 143
144 144
145 145
145 147
147 148
150 152
153 154
155 155
155 157
158 158
158 160
160 161
161 161
162 162
163 164
164 165
165 165
166 167
168 169
170 170
170 171
173 173
173 175
175 175
176 178
178 178
179 181
181 182
184 184
184 186
186 188
189 189
189 191
191 191
192 193
194 195
195 195
195 196
198 199
201 201
201 202
205 207
207 208
208 208
209 209
210 210
211 214
214 214
216 216
218 218
218 218
221 223
224 224
225 226
227 227
228 229
233 233
234 236
236 236
238 238
240 240
241 241
241 241
243 243
244 244
245 246
246 247
249 249
250 251
253 254
255 255
256 257
257 257
259 260
261 263
263 264
265 265
266 270
271 271
273 275
275 277
280 280
280 283
283 284
285 287
288 289
290 292
294 294
297 298
300 302
308 308
310 310
316 318
