168 1
221 240
148 210
160 197
74 66
17 38
5 162
214 124
240 160
80 240
162 1
16 153
160 240
15 85
49 104
115 40
141 160
28 80
240 14
7 138
60 41
101 184
152 161
124 26
201 10
93 160
240 82
62 109
125 194
24 160
210 81
148 236
98 136
173 4
59 63
85 108
163 239
51 40
75 119
158 180
202 214
226 142
163 23
82 136
66 90
56 162
185 196
229 240
1 31
153 24
18 59
69 80
86 53
99 203
111 163
217 42
189 32
240 1
124 152
25 72
84 197
62 77
168 240
56 181
222 43
208 12
120 149
170 1
33 161
80 240
71 61
27 103
109 157
56 194
3 48
180 220
140 19
230 117
1 40
80 164
129 188
15 93
147 65
87 196
237 171
178 10
31 209
50 6
115 184
199 236
240 85
159 169
24 76
145 227
95 192
68 180
22 40
90 187
1 121
203 101
58 84
195 240
36 217
141 225
77 106
124 156
236 2
179 32
142 200
240 50
159 69
125 88
109 177
31 50
67 141
1 204
13 189
235 29
124 47
89 144
106 81
160 220
240 127
52 143
33 69
108 3
174 224
126 17
80 143
193 229
103 160
58 30
42 194
119 228
240 136
176 160
15 196
65 112
45 134
237 178
28 88
214 75
108 168
207 222
41 57
197 48
75 113
202 159
17 178
239 95
128 219
46 86
105 176
191 65
204 15
145 121
235 5
56 96
219 35
139 174
18 74
240 51
6 88
158 111
61 32
139 238
1 17
124 51
99 153
71 1
131 240
114 221
27 189
8 161
62 88
204 80
128 160
1 36
103 145
51 19
96 240
184 222
72 118
29 65
137 110
161 52
79 18
179 240
131 196
39 11
96 215
66 4
87 24
57 235
115 210
226 1
2 2
2 3
5 7
8 10
11 12
12 13
14 16
18 19
20 24
24 26
27 27
35 35
36 38
39 41
41 43
44 44
44 46
49 50
51 52
52 53
55 55
55 56
59 60
61 63
65 65
65 65
66 67
70 73
74 75
76 76
77 77
77 80
80 80
81 81
81 81
81 81
81 82
83 83
83 83
84 84
84 84
85 85
87 90
90 91
91 92
92 93
93 94
96 97
98 99
100 101
103 103
103 103
104 105
106 107
107 108
109 109
111 111
112 112
113 114
114 114
114 115
116 117
118 119
119 121
122 122
123 123
126 126
127 127
127 128
128 129
130 131
132 133
133 134
134 135
135 135
135 136
137 137
138 141
141 142
142 143
143 144
144 144
145 145
145 145
148 148
149 150
151 153
155 156
156 156
156 156
157 157
157 158
158 158
158 160
160 161
161 162
163 163
163 164
165 165
166 168
168 168
168 169
169 170
170 172
174 174
174 174
178 178
179 179
179 179
180 180
181 182
184 184
187 188
188 188
188 190
190 191
191 191
193 194
195 195
195 197
199 199
199 199
202 203
203 204
204 205
206 207
207 211
212 213
213 215
215 217
218 219
221 222
222 223
223 223
224 224
228 229
230 232
232 233
233 233
234 236
236 237
238 238
238 238
238 240
240 240
241 241
241 241
242 243
243 243
244 244
246 249
249 249
249 249
250 250
251 251
253 253
255 256
257 258
259 259
259 260
260 260
262 263
263 264
265 267
268 268
268 269
269 270
273 276
277 278
279 279
279 280
280 281
282 283
283 284
284 287
288 288
288 289
289 289
290 291
292 294
294 295
295 296
296 298
298 299
302 303
304 305
306 306
306 308
309 310
311 311
311 313
316 316
318 318
318 320
320 320
