26 90
153 238
161 106
213 11
80 160
240 162
1 160
82 2
130 162
240 197
2 82
116 123
151 240
162 16
1 198
59 87
46 125
160 218
38 164
19 1
238 4
161 67
81 90
212 55
119 22
35 162
240 6
80 1
44 161
183 194
18 24
32 52
59 78
95 113
170 12
88 201
9 159
239 2
81 45
31 168
80 162
84 97
64 118
43 156
164 240
23 87
74 106
2 56
162 124
31 137
240 25
106 214
15 112
162 6
82 122
138 182
240 38
160 76
110 84
18 7
53 167
176 132
226 37
240 160
94 102
148 69
83 197
45 11
162 31
2 71
80 66
91 159
201 221
239 106
123 147
53 174
44 200
13 192
213 136
154 83
96 163
231 36
73 8
89 1
179 68
122 160
55 233
131 219
14 170
180 95
159 72
81 103
141 240
2 113
67 120
205 150
223 231
240 127
31 7
48 103
138 77
97 158
199 21
42 180
3 60
144 219
16 193
95 161
179 79
236 33
100 119
7 46
150 2
84 158
234 133
41 60
150 161
77 168
101 142
158 174
191 218
232 204
10 22
73 80
206 55
114 185
237 159
228 57
135 10
77 85
111 232
240 60
133 104
150 81
201 160
111 65
167 49
220 160
143 184
235 203
240 71
118 52
1 47
63 81
208 1
185 226
51 161
211 20
127 9
161 226
22 56
80 9
149 20
161 4
185 201
135 227
1 1
1 1
2 3
3 4
5 6
14 15
18 21
22 23
23 27
27 33
35 36
37 37
38 40
41 44
48 49
51 51
52 52
53 53
54 55
56 58
60 61
63 65
65 65
65 66
66 67
67 68
71 72
76 77
77 77
78 80
81 81
81 81
81 81
81 81
81 82
82 83
84 84
84 86
89 90
91 91
92 92
93 93
95 96
99 100
100 100
105 105
106 107
108 108
110 111
114 114
114 117
119 119
120 120
121 122
122 123
127 128
128 129
130 131
132 133
134 136
136 136
136 137
139 140
141 142
143 144
144 145
146 148
150 151
151 154
155 155
155 156
156 156
156 156
157 160
160 160
161 161
163 163
164 164
164 165
165 166
166 166
166 167
167 168
168 169
170 171
171 172
174 175
176 177
179 179
179 180
180 181
181 181
181 182
183 184
185 185
187 188
189 189
189 190
191 195
195 196
196 197
197 197
197 200
200 200
201 204
205 205
206 207
208 208
210 211
211 212
214 214
218 220
222 223
223 223
223 225
230 231
231 231
232 232
234 238
238 238
238 238
238 240
241 241
242 242
244 245
248 248
248 251
251 252
253 255
255 255
256 259
259 260
262 264
265 266
266 267
268 269
269 273
273 274
275 275
275 281
281 282
282 283
284 288
290 290
292 293
293 296
298 298
299 300
302 304
305 307
309 309
309 312
316 317
317 318
318 318
320 320
