1 57
89 100
115 123
141 150
194 201
216 239
45 78
163 174
220 17
1 80
112 88
60 100
126 160
162 39
239 17
80 161
2 204
214 69
83 92
121 56
162 39
240 24
231 141
8 159
81 1
57 73
173 128
82 30
240 160
1 12
194 232
240 171
2 162
84 102
68 121
132 240
158 47
3 33
155 26
68 78
110 221
59 240
119 127
169 201
141 1
48 160
214 223
179 36
232 96
191 219
110 29
116 143
184 211
80 84
19 174
201 62
127 11
230 240
51 143
160 186
212 43
176 30
80 115
164 221
125 69
181 22
58 137
162 231
200 240
171 10
160 43
191 100
153 3
107 75
89 162
202 127
137 24
50 171
161 235
11 198
41 77
87 97
72 116
160 221
129 180
1 28
60 236
206 161
50 141
20 169
192 240
89 102
43 79
95 214
15 185
128 74
160 199
240 62
225 138
157 187
52 166
26 102
240 89
110 80
47 120
74 127
174 196
23 67
157 238
1 38
134 216
81 181
191 146
205 1
55 111
229 15
33 84
105 164
134 214
238 175
77 122
157 188
196 29
13 49
226 205
151 68
25 160
235 103
133 169
186 43
209 1
112 145
225 197
41 86
108 58
178 139
118 1
101 16
213 55
158 72
236 92
173 123
141 202
21 159
218 32
50 69
240 176
87 126
143 106
158 240
68 194
221 81
47 141
65 161
194 123
237 176
144 68
160 212
87 121
1 22
50 192
240 234
71 89
143 7
114 160
211 59
103 121
97 177
221 237
1 76
185 203
160 212
230 60
86 115
136 153
193 161
3 177
238 34
214 83
63 196
70 46
230 239
59 1
75 161
92 219
34 177
195 15
80 113
146 237
193 208
64 103
222 82
33 161
138 23
238 156
192 53
92 35
69 105
174 24
10 128
80 124
156 35
50 141
239 96
69 3
117 169
88 132
161 240
44 63
25 79
1 222
145 54
121 161
18 67
36 113
201 89
135 81
45 154
240 12
191 127
1 1
1 1
1 1
1 1
1 1
1 1
2 2
3 3
5 8
12 12
12 13
14 14
14 14
17 18
20 22
22 25
26 26
27 28
28 28
28 29
29 31
31 32
34 35
37 38
40 41
42 42
42 44
45 46
46 47
49 49
49 49
51 53
54 54
55 57
58 58
60 60
61 63
64 68
68 70
70 70
70 70
72 72
73 73
73 73
76 77
77 77
77 77
78 80
80 81
81 81
82 83
83 83
83 83
84 84
85 85
85 86
86 87
87 87
90 90
91 91
91 93
93 95
96 96
97 97
98 99
99 100
100 100
100 101
102 102
103 104
104 105
105 107
107 108
108 109
109 110
111 112
113 114
115 116
117 118
119 119
120 120
120 120
121 121
122 123
124 124
126 126
126 126
127 128
129 129
130 130
130 130
131 131
132 132
132 132
134 134
135 136
137 137
138 140
140 141
143 143
144 144
145 145
145 146
146 147
148 149
150 150
151 152
153 153
153 153
154 155
155 156
157 158
158 160
160 161
161 161
161 162
162 162
162 162
163 163
163 164
165 165
165 165
166 167
168 168
168 169
170 171
173 173
173 174
174 174
174 175
176 177
177 177
177 178
179 179
180 181
181 182
183 185
185 186
186 187
187 188
189 190
191 192
192 192
196 196
196 197
197 197
197 198
199 200
200 202
205 205
206 206
207 209
211 211
213 213
214 215
216 217
219 220
220 220
222 222
223 224
224 224
224 226
228 228
228 231
231 231
232 234
235 235
236 236
236 236
237 237
238 238
239 240
240 241
241 241
241 242
242 244
245 246
246 247
248 250
251 252
253 254
254 254
257 258
258 258
259 259
260 260
260 262
262 262
262 264
266 266
267 267
267 268
269 269
270 274
275 276
276 278
278 279
281 281
281 282
283 283
286 286
286 288
288 288
288 291
292 294
294 295
296 297
298 298
299 300
302 303
305 305
306 307
307 307
308 309
311 312
313 314
314 316
317 317
317 318
318 320
