35 80
91 98
124 223
71 26
156 188
212 240
16 149
190 240
127 160
240 51
19 206
37 84
190 125
6 56
26 240
137 222
80 71
91 179
40 186
229 115
127 161
29 14
140 60
73 4
50 151
181 226
40 122
191 129
210 30
161 240
69 24
169 144
224 13
180 54
44 83
130 152
207 230
1 66
103 188
237 163
27 116
143 214
171 99
62 127
151 202
14 72
42 50
110 223
180 84
198 32
94 120
139 213
233 161
80 185
23 107
236 144
65 220
130 16
77 172
87 45
154 205
114 136
8 36
96 175
195 228
236 121
140 186
214 31
79 102
1 161
84 145
128 192
49 17
237 110
67 92
151 212
168 130
77 113
201 8
100 235
31 56
206 81
134 62
5 153
170 225
26 122
46 210
99 236
22 141
157 43
64 81
104 19
202 219
85 240
158 177
189 40
64 104
141 225
40 123
234 160
19 64
83 196
101 142
228 124
182 114
16 62
81 99
141 37
197 215
232 12
80 34
56 110
141 235
174 184
199 219
96 161
55 124
74 32
137 205
5 174
122 106
68 47
19 190
136 207
228 150
38 84
61 179
102 163
132 213
32 117
238 76
150 175
25 128
201 43
84 90
110 171
223 18
184 203
30 57
142 160
124 236
213 16
74 41
190 207
155 30
161 55
240 21
80 131
179 14
149 43
123 163
31 179
65 240
18 171
161 240
240 1
1 1
1 4
4 5
6 6
6 6
6 11
11 14
14 18
21 22
23 24
25 27
27 28
29 30
32 33
33 34
34 37
38 38
38 39
40 40
41 41
41 42
44 46
47 49
52 52
52 52
52 53
53 53
54 54
56 56
56 59
61 61
62 64
65 66
67 69
69 70
70 70
70 71
71 73
73 74
75 76
78 78
80 81
82 83
83 83
83 84
85 87
87 87
87 88
90 91
92 92
92 92
92 93
94 96
97 98
99 99
100 101
101 102
103 103
103 104
105 105
105 107
108 109
109 110
110 110
113 114
115 115
115 115
116 116
117 119
119 121
122 123
123 124
125 125
126 128
131 131
131 132
133 134
134 134
138 140
140 141
141 142
144 145
146 147
148 148
148 149
149 150
150 153
155 156
156 156
157 157
157 160
161 161
161 162
162 163
163 163
166 166
166 167
171 173
173 173
174 175
176 176
176 178
178 180
182 182
183 184
184 185
186 186
188 188
188 190
192 194
196 196
196 196
197 198
198 198
198 199
202 203
203 205
207 207
209 210
210 213
214 215
216 217
217 219
219 219
221 224
224 226
227 228
228 229
229 231
231 231
233 236
238 240
240 240
241 241
241 241
241 241
242 247
248 250
251 251
252 253
253 254
257 258
260 265
265 266
267 268
269 269
270 271
272 272
275 275
278 278
278 283
283 285
288 291
293 300
300 316
