41 143
1 80
160 240
204 35
181 235
67 100
53 207
142 22
72 42
238 12
229 87
195 56
203 2
131 143
160 44
30 76
88 102
191 19
66 167
197 55
137 207
240 227
145 12
46 178
3 40
184 160
240 28
135 196
70 98
60 146
168 16
224 204
179 42
160 231
115 188
144 167
218 77
29 88
66 126
240 58
196 100
215 48
110 136
155 229
19 239
79 178
39 123
203 9
160 82
146 236
93 188
3 32
103 221
61 170
130 152
24 52
112 192
211 80
46 137
231 157
203 95
118 177
15 194
100 161
145 209
65 33
5 127
83 80
108 167
229 31
93 129
146 218
1 24
117 1
47 72
207 223
98 151
78 21
187 139
170 42
62 228
200 115
38 98
158 174
60 80
16 237
219 102
175 194
206 33
81 57
121 158
57 139
176 36
99 159
214 84
118 59
238 141
200 131
176 32
98 159
177 232
53 78
215 29
8 51
127 159
192 202
218 236
6 113
141 25
178 72
142 92
49 155
222 22
192 240
140 124
86 107
37 63
208 155
168 225
11 56
102 78
120 181
197 150
161 232
135 28
49 93
166 69
109 148
12 190
129 57
33 232
203 101
222 3
48 160
76 142
180 23
115 205
213 67
93 122
36 81
240 60
22 210
227 135
237 185
42 74
99 150
199 168
34 63
144 183
122 54
199 86
160 10
177 40
191 108
240 13
80 43
240 70
88 74
110 240
76 196
137 1
1 2
2 2
2 3
5 5
5 6
9 10
10 11
12 14
15 16
18 18
20 20
22 22
23 23
23 24
25 27
30 31
31 31
34 34
34 34
35 35
35 35
36 37
38 39
39 42
43 43
44 46
48 48
48 49
51 52
52 52
53 53
56 57
59 61
61 64
64 65
65 65
66 67
67 69
69 69
70 70
72 72
74 74
74 74
74 75
76 77
77 81
81 81
82 82
84 84
84 85
85 86
86 86
87 88
88 89
90 91
92 92
92 92
96 97
97 97
98 98
99 99
101 103
103 104
104 105
106 107
108 109
109 111
112 113
113 113
115 116
116 116
116 117
121 122
124 124
124 124
125 127
127 129
130 130
131 131
132 133
133 135
136 139
139 139
139 140
140 141
143 144
145 146
146 146
148 148
149 149
149 156
156 157
158 160
160 160
161 161
162 162
164 165
166 166
167 168
169 170
170 171
171 171
175 176
179 179
179 180
181 181
181 182
182 183
184 184
186 186
188 190
190 191
193 193
194 196
197 198
198 200
200 200
202 203
203 206
208 208
210 211
211 212
213 213
213 214
215 216
216 218
220 223
223 225
226 227
228 229
230 232
233 233
234 234
234 235
236 238
240 240
240 240
241 241
241 242
242 242
244 245
248 248
249 249
250 254
254 255
256 256
258 260
262 262
262 264
267 268
269 269
270 273
274 278
279 283
289 293
294 297
299 309
313 313
314 316
317 320
