70 177
201 211
81 189
240 35
157 80
93 17
240 76
158 161
35 178
206 2
50 132
233 111
223 98
80 85
204 36
147 159
168 240
49 126
106 80
160 172
15 60
142 188
212 51
240 156
160 108
5 122
39 80
95 26
158 173
188 61
121 134
10 238
107 202
96 214
42 226
30 240
124 139
171 20
64 115
154 193
204 5
51 95
87 215
78 240
138 155
163 171
17 62
196 99
209 49
1 89
143 80
221 172
116 230
32 191
199 68
103 240
19 58
92 123
218 1
168 110
156 240
50 140
185 79
198 99
130 240
11 40
209 69
1 223
144 152
163 113
60 188
199 233
29 101
87 52
212 132
159 145
180 9
76 123
223 38
113 194
201 70
103 234
60 28
174 149
240 98
161 216
19 134
182 45
86 191
127 155
117 202
225 73
139 37
7 175
235 100
188 32
156 216
54 171
200 223
87 128
134 19
145 124
183 115
47 157
75 105
166 211
193 11
234 39
66 95
217 180
27 138
1 60
89 203
149 160
118 227
187 50
208 80
109 22
169 103
193 43
213 152
15 175
71 233
9 34
157 201
218 90
121 62
2 224
58 165
87 203
25 150
186 46
81 103
18 40
154 208
79 123
135 174
54 99
195 227
9 173
94 30
72 154
214 231
116 136
160 232
90 114
46 138
177 215
27 68
196 92
233 112
136 156
175 215
45 198
88 155
172 215
111 134
38 85
155 107
62 215
81 170
234 129
149 103
78 161
240 142
95 119
240 67
112 158
181 227
240 196
176 1
1 1
1 2
2 4
8 9
10 13
14 18
26 26
26 27
28 30
32 32
32 32
33 33
34 36
37 43
44 44
44 44
44 45
45 48
50 54
57 58
58 58
58 58
59 59
60 60
61 62
62 63
63 63
69 71
71 72
73 73
73 74
74 75
75 77
78 80
81 83
84 85
85 85
86 86
86 86
88 88
89 90
91 93
93 95
96 97
97 97
97 100
100 101
102 103
105 106
106 106
107 108
110 111
111 112
113 114
115 115
115 116
118 119
119 119
121 122
123 123
123 124
124 124
125 126
128 128
128 129
129 129
130 132
132 134
134 134
135 136
136 137
137 138
138 140
141 142
143 143
145 146
147 147
147 147
148 148
148 150
151 151
152 154
155 155
156 156
157 157
157 158
158 160
161 161
161 162
164 165
165 165
166 166
167 169
169 170
171 172
174 174
174 178
178 178
178 179
179 179
180 180
182 182
183 184
185 186
187 187
187 188
189 189
190 192
194 194
195 196
196 197
197 197
197 198
199 200
200 202
203 203
204 204
205 205
208 209
210 210
211 212
212 214
214 216
216 217
217 217
219 219
220 223
225 226
226 227
228 229
229 229
231 231
235 236
238 238
238 240
240 241
241 243
243 243
243 246
248 249
250 250
250 250
250 251
251 257
257 258
259 260
260 260
261 262
262 267
268 268
269 269
270 271
271 274
275 277
279 279
280 282
282 283
285 288
289 290
290 292
293 294
296 297
299 302
302 302
307 309
309 310
313 316
316 316
316 316
317 320
