35 49
78 84
104 121
156 161
240 191
226 71
105 4
240 80
84 160
164 240
40 78
189 11
161 30
84 2
164 234
123 138
1 238
89 160
82 37
162 202
82 235
2 161
240 61
161 92
162 240
160 82
2 203
1 162
28 60
165 239
124 192
108 90
221 166
188 200
209 234
1 14
79 143
160 74
42 69
153 167
187 128
198 3
177 219
238 33
210 161
96 111
152 224
2 192
21 134
234 54
80 177
206 47
16 73
151 160
82 140
172 45
223 1
166 146
156 187
240 33
62 128
229 90
161 207
216 28
81 110
120 1
57 233
165 147
204 196
238 162
1 240
82 196
103 118
161 2
177 228
40 63
1 139
122 238
123 80
105 160
226 92
113 152
173 191
203 59
183 216
10 161
240 230
103 121
160 83
141 182
240 1
55 165
120 201
139 51
98 182
161 5
161 72
133 81
161 237
44 92
215 114
201 176
129 238
9 103
216 82
160 2
30 50
76 234
120 96
240 18
46 67
81 111
237 31
186 161
82 128
1 50
215 98
78 147
23 161
232 222
63 94
112 119
142 238
81 15
160 179
223 1
42 81
7 110
131 1
31 169
66 21
91 115
237 146
128 12
81 161
185 121
2 69
230 238
102 174
81 13
88 235
161 210
80 2
68 140
161 111
160 240
81 1
95 174
228 85
3 161
214 80
162 240
1 65
104 1
1 1
1 1
1 1
2 2
3 4
6 7
12 13
15 15
15 17
19 21
22 23
24 26
28 28
29 29
30 36
36 38
38 39
39 41
42 42
43 44
45 46
46 46
49 51
55 56
59 60
61 62
63 66
66 67
68 68
68 69
70 71
74 75
76 76
76 76
76 77
77 77
77 78
80 81
83 83
83 83
84 84
85 85
85 86
87 87
88 89
90 91
91 92
92 93
94 94
95 95
95 95
98 99
99 99
99 100
100 102
105 105
106 106
107 107
108 109
110 111
111 111
112 112
113 114
117 117
117 117
118 118
118 121
123 124
125 125
129 132
133 134
134 135
135 135
137 137
140 142
142 143
144 145
152 153
156 156
156 156
158 158
158 158
158 158
161 161
161 162
162 162
164 165
165 166
168 169
170 170
171 172
175 176
176 177
179 180
180 182
187 188
190 191
192 192
193 194
194 194
195 195
201 202
203 205
205 205
206 206
210 210
214 214
214 215
217 217
219 220
221 221
223 227
228 228
229 230
230 231
234 234
235 236
236 237
237 238
240 241
241 241
241 241
241 242
244 244
244 244
246 248
248 250
250 250
254 255
255 258
261 262
263 263
265 266
268 268
270 271
273 274
274 274
275 277
280 281
283 284
284 288
289 291
292 293
293 293
294 299
300 301
302 303
303 305
307 308
308 312
313 313
315 317
317 317
