52 108
142 160
172 96
229 12
81 1
240 2
80 123
161 240
27 164
101 123
35 156
164 61
240 81
1 111
47 160
240 92
62 174
2 81
119 240
70 105
189 162
173 140
151 89
58 240
50 162
2 82
113 73
16 143
38 162
239 126
192 59
92 1
199 227
81 216
112 176
160 74
142 240
37 130
209 66
94 218
237 121
5 55
162 85
148 204
73 174
186 228
240 106
131 19
46 100
211 161
192 69
125 164
1 217
97 198
239 209
180 54
85 114
143 80
162 206
1 110
51 198
217 103
161 181
151 240
100 80
155 204
228 33
240 1
146 165
186 55
92 116
6 68
80 191
155 174
240 31
1 110
176 240
22 50
133 158
81 235
1 156
173 41
193 234
240 108
15 39
217 173
192 104
151 234
81 1
240 161
58 186
1 70
145 31
167 97
50 228
81 182
28 157
61 135
83 104
129 173
161 240
20 148
99 230
120 66
143 164
222 238
83 52
27 130
200 75
162 231
67 213
31 8
82 58
162 85
221 2
186 73
144 168
38 199
181 219
62 134
238 2
82 160
174 121
2 80
154 226
64 12
141 161
34 240
81 46
192 213
22 84
163 9
180 65
112 145
225 1
1 1
1 1
2 3
5 5
6 8
11 11
11 12
13 15
15 20
24 25
25 25
27 27
28 29
30 32
36 39
40 42
43 46
46 47
48 53
53 53
54 54
56 56
60 61
62 65
65 66
66 67
68 70
73 74
76 76
77 80
81 81
82 84
84 85
85 86
86 88
91 92
93 95
95 95
96 100
100 100
101 103
103 104
105 107
107 111
111 111
111 111
113 113
114 114
116 116
117 117
118 118
120 122
123 124
124 125
127 128
129 129
129 130
134 134
135 136
136 138
139 139
142 144
145 147
148 150
152 152
154 154
155 156
157 157
157 158
160 160
160 161
161 161
161 162
162 162
163 168
170 170
170 171
171 173
173 174
178 179
182 183
185 186
187 189
190 192
192 192
194 194
197 197
197 201
203 203
204 205
208 209
211 211
212 212
213 216
218 219
219 221
222 224
224 228
231 231
232 233
233 234
235 238
238 240
241 241
241 241
245 246
249 251
253 254
255 261
261 262
262 265
267 267
268 268
272 272
273 274
278 280
281 282
283 284
284 285
286 288
289 289
289 290
292 293
293 295
298 300
302 303
305 306
307 308
309 310
310 311
311 311
317 317
320 320
320 320
