27 62
72 151
160 221
113 239
209 161
17 56
81 91
82 2
113 160
240 82
25 146
74 101
37 161
62 1
240 231
2 81
52 165
240 72
109 240
95 164
180 141
2 131
78 48
39 238
103 63
156 6
240 134
27 82
162 117
82 160
240 206
2 70
102 166
220 233
144 80
150 8
41 1
219 64
132 183
229 93
208 120
200 27
1 56
209 228
83 111
45 240
75 162
138 194
233 176
218 63
96 161
8 36
201 2
182 115
213 58
82 160
235 207
87 188
240 2
170 75
103 133
44 161
240 152
196 71
100 206
40 189
162 169
236 93
54 81
90 237
161 145
219 23
1 45
106 82
181 125
164 145
20 156
176 195
231 187
99 166
240 12
58 39
147 202
123 179
79 156
187 160
225 1
53 206
7 146
163 30
183 224
72 97
144 207
240 1
29 162
117 182
48 73
93 141
224 1
161 115
48 81
1 224
176 60
135 20
87 157
40 86
218 172
17 147
203 51
125 73
117 94
163 231
9 138
60 82
89 1
110 154
82 73
228 235
42 99
162 171
209 228
15 94
143 81
120 190
64 162
1 81
137 221
56 80
203 1
20 153
48 212
81 177
71 63
134 1
158 28
4 189
171 52
82 209
17 124
228 164
240 111
146 160
1 216
53 240
81 4
131 165
23 82
232 35
12 182
204 153
169 240
216 162
125 240
80 160
16 1
1 1
1 1
1 2
2 4
5 7
7 8
11 12
14 15
15 15
16 17
17 19
22 24
24 25
26 29
30 31
31 34
34 35
38 38
43 44
44 44
47 48
48 51
53 56
56 58
60 60
62 63
64 66
66 68
70 73
74 74
76 77
77 77
77 77
77 78
79 80
81 81
82 82
83 83
83 83
84 84
86 86
87 88
88 91
91 92
92 95
96 97
97 98
99 100
102 102
103 104
105 106
106 107
108 108
109 109
110 111
111 113
114 115
115 115
119 119
120 121
121 122
122 124
126 126
127 128
129 130
131 133
133 133
134 138
138 142
142 143
144 145
147 148
151 151
152 152
153 153
154 156
157 158
158 158
160 161
161 161
163 163
164 164
164 165
165 166
166 166
167 169
172 173
173 174
174 175
177 177
179 180
182 182
183 184
185 185
185 186
186 187
188 188
189 189
193 193
195 197
197 199
199 200
203 203
204 204
204 208
208 210
211 213
214 215
216 216
220 223
224 224
224 227
227 229
229 230
231 231
232 235
237 237
238 241
241 241
241 241
241 242
244 244
245 245
246 248
248 249
251 251
253 254
254 254
255 257
260 261
264 266
266 268
270 271
272 273
274 275
275 276
277 277
277 278
278 280
282 283
284 287
288 289
290 292
292 293
294 296
297 298
298 299
301 302
303 303
304 310
311 313
314 316
316 319
319 320
