2 24
82 93
130 169
177 240
188 121
42 16
67 110
160 208
218 240
143 100
231 31
152 57
122 180
1 80
160 46
67 227
108 142
16 132
39 176
89 7
61 80
160 189
220 52
143 112
1 230
129 96
43 214
62 80
14 133
149 197
114 157
33 53
81 103
226 93
174 65
4 184
194 43
160 22
60 131
218 144
76 112
103 97
167 226
173 195
60 85
8 29
239 49
209 76
120 142
130 155
1 165
217 104
17 92
239 179
229 78
14 34
57 160
138 119
145 210
28 149
50 108
113 127
192 160
67 175
94 199
42 226
81 16
190 52
75 234
109 125
134 172
34 197
97 150
218 6
161 27
57 85
226 188
19 73
136 144
170 1
43 194
99 153
213 62
236 18
92 35
181 11
161 57
119 85
134 184
107 141
76 3
51 103
168 227
152 68
1 95
212 19
40 65
194 57
159 16
79 117
177 32
105 143
238 163
203 54
74 221
96 125
102 148
182 195
69 209
240 7
168 81
161 46
91 24
130 84
185 1
167 60
151 39
79 117
20 133
199 100
215 229
57 92
170 73
217 153
201 235
28 135
107 187
120 67
10 48
169 86
154 103
201 217
22 136
4 81
95 116
171 153
185 57
216 16
77 200
32 114
132 95
51 186
234 151
168 217
70 89
11 111
25 48
184 63
4 128
198 234
86 148
214 105
165 38
124 85
146 194
14 55
31 236
74 121
7 98
137 163
23 48
207 95
17 42
161 183
203 226
88 80
178 138
158 221
55 87
28 177
48 81
151 195
129 20
145 69
96 236
1 61
87 114
52 233
136 208
110 12
158 1
103 227
35 188
81 161
1 1
1 1
1 2
2 2
3 4
6 8
9 9
9 9
9 9
11 12
13 14
15 16
16 16
19 19
19 22
23 23
24 24
25 25
26 27
29 30
30 31
31 31
33 34
34 35
37 37
38 39
40 40
41 43
44 44
46 46
47 47
48 48
48 48
48 51
51 52
53 53
55 56
56 57
57 57
57 58
59 59
60 62
63 63
64 64
66 67
68 68
68 69
70 71
71 71
72 73
74 75
75 76
78 78
79 80
80 81
82 82
82 82
83 85
85 85
87 87
88 88
88 88
88 89
90 90
92 94
95 95
97 98
99 100
100 100
102 102
102 102
103 104
105 105
107 108
109 110
110 111
114 115
117 117
117 117
117 119
119 120
121 121
121 123
124 125
125 126
126 127
127 128
130 131
131 132
133 134
135 136
138 138
138 138
140 141
143 143
143 145
145 145
148 149
149 150
151 151
151 152
154 154
154 155
156 157
158 158
160 160
161 161
161 161
162 162
162 163
163 164
164 165
165 166
167 170
170 171
171 172
172 173
173 173
174 174
174 175
175 175
179 180
180 181
182 183
183 183
184 184
185 185
186 187
188 188
189 191
191 193
193 193
196 196
198 199
199 199
199 200
200 203
203 204
204 205
206 207
207 208
209 210
211 212
212 212
213 213
214 216
218 218
218 220
221 221
221 221
224 224
224 228
228 229
229 232
233 234
235 236
238 238
239 240
241 243
244 244
245 246
248 250
251 252
254 255
255 255
257 261
262 263
263 263
266 266
267 272
273 273
273 273
274 275
280 282
285 287
288 288
289 292
296 298
299 299
301 304
304 305
308 309
310 316
320 320
