4 59
72 97
134 196
53 240
24 142
220 42
16 240
108 155
187 221
30 60
7 80
160 45
138 97
181 153
67 113
121 214
16 131
163 56
29 194
139 223
240 149
23 96
161 38
108 66
76 2
167 185
60 240
214 131
23 138
48 160
193 13
82 105
227 38
119 175
206 66
30 129
238 160
184 55
218 1
43 144
21 93
196 82
71 77
100 114
176 228
14 125
158 30
140 57
183 211
145 8
45 166
193 218
238 38
156 89
16 73
123 137
164 201
61 2
31 104
114 158
164 226
124 146
186 18
132 23
49 233
93 101
155 194
38 110
136 218
143 11
65 119
161 180
30 59
205 127
147 226
6 26
86 101
190 53
152 171
75 109
45 176
237 1
71 136
160 22
197 214
121 39
142 228
65 181
1 160
13 219
59 129
164 31
208 88
148 53
114 7
78 135
175 210
29 48
98 193
70 155
167 6
121 228
141 44
181 24
200 104
2 218
80 141
158 232
126 92
38 109
173 18
56 189
76 203
1 146
11 51
98 176
191 222
112 129
33 161
240 9
85 70
47 146
28 208
224 131
66 82
178 194
25 45
114 240
225 4
61 96
149 163
211 132
194 40
59 179
112 95
229 16
77 165
35 132
148 196
213 54
73 93
165 230
10 111
179 28
48 214
130 71
195 149
108 24
90 65
128 176
165 41
1 194
18 42
107 211
229 61
122 147
78 10
36 191
55 103
148 168
6 30
228 188
210 76
134 4
164 185
228 48
144 206
76 44
118 18
92 137
182 70
38 11
227 111
133 59
85 160
26 131
178 52
156 81
105 222
21 198
45 150
14 125
100 240
38 222
161 195
1 67
94 28
192 85
56 215
237 114
136 167
157 189
73 4
234 130
67 103
154 161
210 24
54 89
1 1
1 1
1 2
3 3
4 4
4 6
8 8
9 9
12 12
14 14
15 16
16 18
18 19
19 21
22 22
23 23
24 24
24 26
27 27
28 28
30 31
32 32
32 33
33 34
34 35
36 36
37 37
38 39
40 40
41 41
42 44
45 45
45 46
48 48
48 50
51 51
52 53
53 54
56 57
57 57
58 58
58 60
63 63
63 63
63 63
64 64
65 66
66 67
68 68
69 72
72 72
73 73
73 75
75 76
77 77
77 77
78 78
80 81
81 81
81 81
81 82
84 84
84 85
86 87
87 88
91 92
92 92
93 93
93 94
96 97
97 97
97 98
100 101
102 103
103 103
104 106
106 107
107 108
108 108
110 111
112 113
113 114
114 115
115 116
116 116
117 119
119 119
120 120
121 121
124 124
125 125
125 127
127 128
128 129
130 131
131 132
133 133
135 136
136 136
138 138
138 139
139 139
140 141
141 143
144 145
146 147
148 148
148 149
150 151
152 152
152 153
153 153
154 154
155 157
160 160
161 161
161 161
162 162
163 163
163 164
164 165
167 167
168 168
169 170
171 171
172 173
174 174
174 174
177 178
178 178
178 178
178 179
182 183
184 184
186 187
187 188
188 188
190 191
191 191
192 193
194 196
197 198
200 200
200 201
202 202
203 204
204 208
209 211
211 214
214 214
215 216
217 219
220 220
220 221
221 224
224 224
226 227
227 228
230 230
233 233
234 234
235 236
237 238
240 241
242 243
243 244
244 246
247 248
248 249
251 253
254 255
256 257
260 261
261 265
266 266
268 269
269 270
271 273
273 273
275 277
279 279
280 280
281 282
284 284
285 286
288 288
291 294
294 296
297 297
297 301
303 303
304 305
308 309
309 312
313 316
316 317
318 320
320 320
