15 56
67 81
91 118
233 158
240 179
37 126
9 160
26 223
92 140
240 61
171 205
160 44
80 14
181 240
217 30
82 137
97 52
105 198
115 147
229 1
42 178
13 124
206 237
134 80
9 93
24 62
168 52
153 224
198 46
116 161
123 178
145 8
34 80
212 1
69 91
24 190
104 160
240 53
114 222
16 120
150 168
42 202
129 181
229 30
81 7
87 69
161 212
100 22
58 78
111 1
144 240
16 169
45 195
131 151
223 32
178 202
141 25
240 76
110 123
231 61
86 187
2 19
49 101
150 211
111 132
171 234
118 10
36 160
218 239
80 141
179 75
88 97
122 222
25 203
130 147
106 52
166 22
16 46
190 114
134 212
236 73
87 160
175 39
81 138
121 62
95 222
32 161
58 122
182 199
107 9
213 128
26 167
3 51
231 80
204 1
116 150
171 46
95 193
134 18
75 40
237 100
64 121
161 16
84 178
35 103
140 153
228 57
213 127
167 31
10 185
90 203
127 144
232 217
79 112
95 158
174 25
42 188
165 4
63 132
233 77
80 208
177 38
162 195
225 85
115 240
99 148
19 72
132 33
194 209
81 15
117 52
69 164
179 225
101 11
31 210
134 148
196 48
83 118
180 164
26 45
230 98
214 63
81 1
151 118
134 181
198 21
161 40
59 80
1 150
216 165
97 232
199 14
116 34
181 57
216 134
94 76
10 161
231 151
51 112
28 179
93 4
196 215
69 47
108 133
22 160
177 231
90 41
69 153
214 17
174 196
62 120
232 170
213 240
150 131
80 111
191 62
103 5
30 85
148 161
123 231
167 24
190 80
212 238
97 119
45 71
231 117
164 38
207 91
8 184
231 136
161 31
111 63
87 227
207 180
161 53
46 81
146 178
14 200
223 72
42 100
240 122
142 174
160 220
59 19
53 116
80 90
240 214
156 1
10 41
75 161
1 1
1 1
1 1
1 2
2 3
5 5
6 6
8 9
10 10
10 11
12 12
14 15
15 16
16 16
17 19
20 21
22 23
23 23
24 24
24 26
27 27
28 28
28 29
30 32
34 34
35 35
35 36
36 36
37 38
39 39
40 40
41 43
43 43
45 46
46 46
47 47
48 48
48 51
51 51
52 53
54 54
55 55
57 58
58 59
59 60
60 61
62 62
63 64
64 64
64 65
65 66
67 67
68 68
69 70
72 73
73 73
75 76
76 77
77 77
77 78
78 78
79 81
81 81
81 81
84 84
84 84
87 88
88 88
88 90
91 92
92 93
93 93
93 93
94 94
96 96
97 98
98 99
101 102
102 103
103 103
105 107
107 107
107 108
108 108
109 110
111 112
113 114
115 115
115 115
116 117
118 119
120 120
121 121
122 123
124 125
125 125
125 126
127 127
128 129
129 130
130 131
132 132
132 136
136 136
137 137
138 138
138 139
139 140
140 143
144 144
145 147
148 148
148 149
151 151
152 152
152 153
153 153
154 155
155 157
157 158
159 159
160 161
161 161
161 162
162 162
163 163
164 164
167 168
168 168
169 170
170 172
172 172
172 174
175 176
176 177
178 178
178 179
179 179
182 184
185 185
185 186
186 188
188 189
189 191
191 191
191 192
192 194
195 196
197 197
197 200
201 201
202 203
203 204
204 205
207 208
210 211
212 214
214 215
216 217
218 218
220 221
221 221
224 225
225 225
227 227
228 228
230 231
233 233
234 235
236 237
239 240
240 242
242 242
243 244
245 245
245 248
248 250
250 251
251 251
253 253
254 257
258 259
259 261
262 262
266 267
267 269
269 271
272 274
277 277
277 278
278 280
280 281
282 282
284 285
286 289
291 292
293 294
296 296
296 297
298 301
302 303
304 305
307 308
310 313
313 313
316 316
316 317
318 320
320 320
320 320
