12 68
159 34
199 133
183 59
153 240
175 218
33 95
120 168
49 209
24 162
1 133
78 189
161 66
221 149
16 55
106 113
31 94
162 240
10 84
232 128
211 139
161 39
69 173
183 4
231 159
57 198
51 103
208 239
123 138
89 160
42 82
72 215
176 13
193 160
61 230
34 100
221 115
122 158
6 50
89 207
132 46
78 220
175 232
240 24
1 41
71 193
140 160
218 39
114 17
63 94
103 155
193 122
136 147
202 231
176 161
215 56
83 148
181 115
189 233
34 133
143 211
170 227
155 82
202 49
142 177
232 240
101 5
66 221
127 136
91 147
162 82
41 3
18 109
231 80
206 60
89 154
161 180
240 55
194 80
116 214
34 153
160 222
97 206
13 104
231 121
240 23
49 68
89 10
82 159
206 141
235 126
189 62
174 44
1 159
59 118
40 143
95 192
207 1
126 36
161 108
240 73
144 176
225 14
76 209
240 161
192 99
117 152
217 233
81 125
90 178
11 77
109 27
161 66
46 83
106 58
194 236
5 20
38 104
144 83
209 57
1 161
185 121
162 37
82 140
180 77
53 71
226 97
161 7
48 92
206 1
22 118
67 160
182 189
162 41
18 89
140 227
11 158
201 110
221 61
80 89
2 132
9 30
80 152
177 85
197 1
56 105
49 22
76 148
153 219
45 71
122 100
146 13
39 64
169 161
240 118
3 63
81 92
34 28
88 164
140 240
58 115
20 113
212 194
80 158
48 134
239 12
108 174
208 152
40 36
99 69
231 129
151 170
65 92
185 205
87 125
119 15
46 80
145 200
8 165
181 220
108 72
139 37
68 103
240 220
160 96
131 91
193 58
151 21
87 49
207 5
41 146
79 240
161 228
1 1
1 2
2 3
3 4
4 5
6 6
7 7
7 7
9 9
10 10
11 11
13 14
15 16
16 17
18 20
21 21
23 24
24 24
25 25
25 26
26 28
29 30
30 31
32 33
33 34
35 35
38 39
41 41
42 42
43 43
46 46
47 47
48 49
49 50
51 52
54 55
56 57
57 57
58 58
58 61
62 63
63 63
64 64
64 66
67 67
67 67
70 70
72 73
73 74
76 76
76 76
76 77
77 77
77 77
78 79
80 81
81 81
82 83
83 83
84 84
84 85
86 86
87 88
89 90
93 94
95 96
97 98
98 98
99 99
100 100
100 101
103 104
104 104
105 106
106 107
107 109
109 109
111 112
112 113
115 115
116 117
117 118
119 119
120 120
120 121
121 123
124 124
125 129
129 129
131 132
132 133
133 134
134 136
137 139
140 140
142 142
143 144
144 146
147 149
149 150
150 151
152 152
152 154
155 155
156 157
157 158
158 158
158 158
160 160
161 161
162 163
163 164
164 166
167 168
169 172
173 173
175 177
178 178
178 179
179 181
182 184
184 185
187 188
189 190
190 191
193 195
197 199
200 201
204 204
204 206
206 206
208 208
208 208
211 212
213 214
214 215
218 219
219 223
223 224
224 224
225 225
227 228
229 229
230 231
232 233
233 233
235 237
237 238
241 241
243 243
243 244
244 245
246 248
248 249
250 251
253 253
253 253
254 255
256 256
257 257
258 259
263 264
264 265
266 267
268 269
269 270
270 270
272 273
274 275
275 276
276 280
280 281
282 282
282 284
287 287
288 291
292 292
292 293
294 294
294 294
295 296
298 300
301 301
301 303
304 305
305 306
306 309
310 312
314 315
315 317
317 317
318 318
320 320
