1 33
78 109
129 157
205 214
19 146
58 121
233 185
101 193
31 52
90 158
231 240
2 220
84 80
56 16
93 147
234 162
172 214
240 82
30 47
190 200
159 71
80 125
164 115
1 19
173 236
109 218
36 52
73 189
204 212
97 145
156 72
132 63
87 170
226 42
240 180
23 116
79 186
105 1
56 216
160 18
143 150
196 33
71 132
50 165
122 176
210 80
108 236
45 197
26 96
1 90
141 161
235 153
175 77
203 222
135 160
166 17
27 215
35 113
128 207
232 81
161 176
199 239
53 70
183 100
74 12
139 208
28 153
162 47
194 128
1 171
214 87
117 232
41 65
6 21
111 81
179 200
240 21
154 58
187 143
78 104
161 215
38 188
124 229
97 240
173 161
76 195
14 91
117 31
69 81
217 183
240 82
161 201
65 155
10 27
142 107
168 188
223 132
237 5
29 150
161 44
60 124
209 221
82 101
195 235
97 120
159 20
178 2
76 212
138 37
55 146
163 156
235 110
15 65
91 131
171 189
27 207
221 1
37 145
201 81
157 53
183 231
168 216
238 65
105 87
201 63
101 185
82 233
121 138
160 11
44 169
203 80
150 115
187 218
240 159
57 234
25 40
5 113
161 220
54 151
70 188
204 240
1 88
109 126
161 148
221 235
16 82
179 48
166 63
186 81
147 125
43 101
238 11
27 226
163 147
80 126
232 181
1 119
2 95
163 139
204 50
30 133
90 65
160 81
109 223
45 232
138 204
76 41
61 84
131 54
80 199
33 153
160 122
132 173
148 52
73 99
193 80
122 218
127 1
238 23
146 99
161 43
92 65
118 37
34 113
163 240
142 187
56 77
82 106
210 185
20 159
240 46
105 134
70 129
205 181
100 157
4 38
34 62
236 81
122 199
29 90
175 55
149 215
21 192
83 79
111 140
7 169
37 192
211 225
80 134
32 160
128 22
81 212
10 57
88 121
185 205
1 1
1 1
1 1
1 1
2 2
3 3
3 5
6 7
8 8
10 10
13 13
15 15
16 17
20 21
21 21
23 24
25 25
25 27
28 29
30 33
35 36
36 36
36 37
38 38
38 38
39 39
40 41
41 42
43 43
44 45
46 47
47 49
50 50
50 51
51 52
53 53
54 55
56 57
57 57
59 60
60 60
60 62
62 62
63 64
65 65
67 69
69 70
71 71
72 74
77 77
77 77
77 78
78 80
80 80
81 81
81 82
82 82
83 83
83 83
83 84
86 86
86 86
87 88
88 89
92 93
93 93
94 94
94 95
95 97
98 98
99 101
101 101
103 103
104 104
104 105
105 105
106 108
109 111
111 112
113 113
113 115
116 116
117 117
118 118
119 120
121 121
122 124
124 125
126 126
126 127
128 129
129 130
131 131
132 132
132 133
133 133
133 135
135 138
138 138
138 139
139 141
141 141
142 142
142 144
147 147
148 149
149 150
150 151
152 153
154 154
155 156
156 157
158 158
158 158
158 158
160 160
160 161
161 161
161 162
162 163
164 165
166 166
166 167
167 169
171 173
173 174
175 175
176 176
176 178
179 180
181 182
182 183
183 183
184 185
186 188
189 189
190 190
190 192
194 194
195 195
195 195
198 198
198 199
199 200
201 203
204 204
204 206
206 208
208 209
209 210
213 213
213 214
214 215
216 218
219 219
219 220
221 221
224 224
226 230
230 231
234 234
235 236
236 237
237 237
238 238
240 240
241 242
242 242
244 248
249 249
251 251
252 253
254 254
256 257
257 257
258 259
259 259
260 261
261 262
262 263
263 264
264 266
266 268
272 272
272 272
273 273
274 275
276 276
277 278
280 280
281 282
282 282
284 284
284 285
287 288
290 290
291 291
293 294
294 295
296 296
297 298
298 298
300 301
302 304
304 304
307 308
309 309
309 310
311 311
314 314
315 317
317 318
320 320
320 320
320 320
