15 38
78 1
106 165
96 183
211 8
29 70
156 240
198 134
142 51
1 40
214 108
190 76
162 170
224 158
240 201
7 43
98 184
80 113
216 66
122 165
56 141
226 240
50 151
198 84
109 75
186 22
123 66
169 206
60 2
140 163
155 197
48 96
107 231
23 83
121 177
210 14
38 131
67 137
30 167
56 222
7 147
95 102
237 23
83 181
117 2
128 161
74 188
214 240
31 149
60 198
48 160
234 81
187 126
168 11
93 105
154 175
42 78
113 140
206 1
168 240
184 232
65 198
160 222
34 129
151 5
136 213
239 23
53 161
27 199
106 114
212 224
1 80
92 43
124 168
185 161
70 81
40 211
18 153
233 35
64 133
195 107
159 140
32 12
97 88
116 59
170 227
182 204
221 77
51 127
237 30
150 161
71 171
226 5
45 23
137 195
117 156
216 240
81 20
96 177
123 143
39 61
86 226
1 201
105 15
37 126
163 175
236 78
150 56
85 190
210 52
75 113
133 157
149 218
167 81
93 183
237 10
102 198
118 160
212 65
127 145
175 223
35 46
77 86
192 26
66 99
128 156
1 113
202 232
8 240
139 186
76 123
171 211
60 21
95 43
157 220
234 1
57 141
204 19
189 38
77 94
237 1
125 159
223 107
174 35
143 72
207 14
190 240
70 124
177 89
108 160
226 145
208 11
27 46
66 83
106 178
193 136
123 228
6 143
208 21
39 83
59 1
121 80
190 38
178 139
78 13
54 121
225 30
97 161
206 8
49 92
118 182
24 68
190 78
97 164
185 202
43 227
1 20
141 90
179 201
158 14
80 221
111 63
91 132
80 107
12 59
152 178
33 87
197 220
106 59
3 52
173 25
78 127
74 124
147 101
16 171
43 161
240 146
120 215
66 1
7 166
31 37
90 142
61 117
81 239
143 196
212 24
83 160
240 136
51 45
110 210
17 154
233 44
160 73
102 131
153 172
187 207
96 227
30 61
129 90
122 173
81 7
22 147
167 1
1 1
2 2
2 3
3 3
4 4
4 4
4 5
6 7
8 9
11 11
12 13
14 15
15 15
16 16
18 22
22 22
23 24
25 25
26 26
26 30
30 31
31 32
33 35
36 36
37 37
38 38
39 39
40 41
43 43
43 44
44 46
47 47
47 49
49 50
50 50
52 52
52 54
55 56
57 58
58 59
60 61
61 61
64 64
64 65
66 66
66 67
70 70
70 71
71 72
75 76
76 76
77 77
78 78
80 80
80 80
80 81
81 81
81 81
82 82
82 83
83 84
84 85
85 86
86 86
89 89
89 90
91 92
93 94
94 95
95 95
96 97
97 97
99 99
99 100
101 102
102 104
104 105
105 105
106 106
106 109
110 110
111 112
113 113
114 114
115 115
115 116
117 117
119 120
120 121
122 122
122 126
126 126
127 127
128 128
128 130
130 130
130 131
133 133
133 134
134 135
135 136
136 138
138 139
140 141
141 141
141 141
142 142
143 143
143 147
149 149
149 149
149 150
150 151
152 154
154 154
155 155
155 156
157 157
158 158
158 158
158 160
160 160
160 160
161 161
161 161
161 162
162 162
162 164
164 165
165 166
166 166
166 168
169 169
171 171
171 171
172 174
174 174
175 175
177 177
177 179
180 180
181 181
183 183
184 184
185 185
188 188
189 192
192 192
194 194
194 194
195 195
196 197
199 199
200 201
201 203
204 206
206 208
208 208
210 211
211 214
215 216
217 218
220 220
221 222
225 225
226 226
229 230
230 232
233 236
236 236
236 237
238 238
240 240
241 241
241 243
243 244
244 244
245 247
247 249
250 251
251 253
255 255
255 256
257 258
258 258
258 259
261 261
262 263
264 265
265 265
267 267
268 273
273 273
274 275
276 277
277 277
278 280
282 283
284 284
284 285
285 285
286 288
288 289
289 291
292 292
293 295
295 296
297 298
299 299
299 300
301 303
304 304
305 305
309 309
309 309
311 312
312 314
315 315
316 316
318 319
320 320
320 320
