39 200
66 78
209 183
160 240
222 1
43 117
24 164
79 176
142 160
188 94
222 240
156 1
80 111
121 201
12 35
49 167
65 211
85 136
176 101
153 112
196 28
48 14
59 129
173 76
81 91
152 108
188 225
13 29
160 47
60 75
123 202
231 174
136 160
86 147
70 89
101 184
52 36
111 17
222 2
122 167
80 235
240 89
48 60
68 82
98 147
182 23
34 155
210 237
11 108
163 194
219 170
81 52
68 36
96 181
227 146
18 1
109 121
160 191
236 217
80 167
66 129
37 50
138 94
29 12
204 227
108 1
120 240
50 61
40 77
133 193
96 217
169 24
110 143
240 202
175 226
80 121
54 65
152 181
36 50
23 74
10 89
214 101
135 237
113 170
190 61
27 38
50 146
4 74
84 152
160 177
228 98
131 216
160 201
23 39
53 68
109 139
12 115
186 4
79 166
206 160
123 228
96 173
151 10
28 43
73 196
52 131
58 104
234 157
182 200
81 113
73 138
240 162
188 25
93 8
40 221
120 51
82 146
60 98
192 161
173 67
128 229
212 33
13 20
108 43
148 131
179 198
53 233
215 91
112 62
166 4
19 91
134 202
25 68
39 234
154 117
97 221
136 240
52 204
189 74
172 81
7 155
17 25
80 139
102 235
36 174
121 82
160 208
40 176
30 63
141 192
9 104
160 210
123 240
84 42
140 225
175 193
63 160
83 176
21 240
123 141
210 3
62 21
102 159
81 1
42 140
174 191
61 119
80 16
40 157
223 36
59 76
172 116
207 189
9 53
94 114
133 28
240 91
72 111
45 184
22 164
128 145
198 231
160 11
119 228
136 190
161 1
1 3
4 4
5 6
8 10
12 12
12 13
13 15
19 20
20 20
21 21
23 27
28 28
28 28
28 29
29 29
29 30
31 33
33 34
37 38
40 40
41 42
43 44
44 44
45 47
49 51
52 52
54 55
55 55
56 56
57 57
58 58
59 60
64 65
65 66
66 66
66 67
68 68
69 69
70 70
73 75
77 77
78 80
80 80
80 80
80 80
81 81
81 81
81 82
82 85
86 87
90 91
92 92
93 93
93 93
94 95
96 96
98 99
99 100
101 102
102 103
103 104
104 104
105 106
108 108
108 109
110 112
113 115
115 116
116 116
116 117
117 119
120 120
121 122
123 124
124 126
126 127
127 127
127 128
128 129
129 130
130 130
132 132
133 136
136 136
137 138
138 138
138 139
139 140
141 141
142 142
144 145
145 147
147 149
149 150
150 150
150 151
151 151
152 152
152 152
156 157
157 158
158 160
161 161
161 161
161 163
163 164
165 166
167 167
167 168
168 171
171 171
172 172
173 173
174 174
174 175
176 179
179 180
180 180
182 182
183 184
184 185
186 187
187 187
189 190
191 191
191 193
193 194
195 196
198 198
200 200
200 200
200 201
202 203
203 204
206 207
207 208
208 209
209 210
211 211
213 214
214 216
217 217
217 218
218 219
219 223
224 225
225 228
228 229
229 229
229 230
232 232
232 233
234 235
236 236
236 237
237 238
242 243
243 245
245 246
247 247
248 248
250 250
250 252
253 253
257 257
257 258
258 260
262 262
263 265
269 269
269 269
271 273
274 277
278 279
280 281
283 287
289 290
290 292
292 293
293 294
295 296
297 302
303 305
310 313
316 320
