20 50
132 165
96 160
240 30
153 140
76 85
112 192
222 59
160 240
25 98
80 40
9 81
52 142
18 98
64 128
160 219
179 31
77 43
87 112
147 12
52 234
207 99
127 29
80 72
154 188
49 6
216 139
165 89
19 29
64 240
173 101
41 1
78 107
51 12
210 137
163 240
186 118
24 60
235 79
99 148
159 197
218 2
174 231
44 169
131 180
224 111
159 24
59 235
88 141
32 168
191 40
72 119
97 1
48 147
59 104
24 155
132 228
240 68
38 114
1 95
8 45
140 16
217 188
81 105
149 128
30 1
157 72
96 12
166 48
122 22
215 81
105 53
240 1
32 60
149 199
131 94
181 206
117 156
16 70
50 81
222 26
209 190
125 142
32 57
108 77
1 11
97 172
81 40
146 156
19 66
87 129
219 47
78 224
235 145
164 108
4 54
187 132
150 169
209 32
77 93
12 115
154 38
81 64
195 76
139 20
71 86
121 44
160 103
3 183
208 145
29 74
127 56
167 236
111 12
95 189
153 134
32 45
174 15
63 81
116 99
157 50
19 86
185 204
118 145
3 161
22 105
127 90
132 74
58 211
80 42
150 169
25 60
122 240
193 138
78 8
95 46
176 29
63 80
1 47
98 11
29 82
114 64
227 48
185 66
13 101
115 146
32 49
119 32
83 133
149 66
11 193
50 117
151 174
160 103
10 207
29 160
138 7
80 62
1 25
155 43
97 133
172 1
61 80
160 240
132 1
1 1
1 2
2 2
5 6
7 8
13 13
13 13
14 14
15 17
19 21
22 27
27 28
28 29
30 31
32 32
32 34
35 36
38 40
40 41
42 43
44 45
46 46
47 47
48 48
51 52
53 53
54 55
56 57
60 60
60 61
62 65
66 66
67 68
69 69
70 70
70 71
73 74
74 76
77 77
77 77
78 78
80 80
81 82
82 83
84 85
86 86
88 88
88 89
90 91
93 93
94 94
94 95
96 98
98 101
101 102
103 104
104 106
107 108
108 109
109 111
111 111
113 113
114 116
116 117
120 121
122 123
125 125
126 127
128 129
130 130
131 132
133 133
135 135
135 135
135 137
138 139
139 141
141 143
144 145
145 146
147 147
148 149
149 150
150 151
152 153
154 154
154 155
156 156
156 158
160 160
160 160
161 161
161 161
162 162
166 167
167 167
168 168
168 168
169 169
170 172
174 174
175 175
176 176
179 179
180 180
180 180
181 181
183 185
186 186
187 188
188 189
190 191
191 192
194 194
194 196
197 199
199 199
200 200
200 202
203 205
207 209
209 212
212 213
213 215
216 217
217 217
218 218
219 220
222 223
224 225
226 227
227 228
228 229
231 232
233 234
235 235
238 238
238 240
242 242
243 246
246 246
247 247
251 251
253 256
256 256
257 258
260 265
267 267
267 267
268 269
272 273
275 275
276 282
284 291
291 292
297 299
302 302
304 305
305 306
307 307
307 310
312 314
316 316
316 320
