20 30
42 127
176 163
206 70
187 147
160 232
97 108
121 215
240 32
23 10
180 40
55 74
148 94
195 240
109 172
207 124
218 29
54 14
42 186
65 80
141 151
160 95
197 231
115 166
240 206
131 23
182 57
43 142
10 77
226 88
158 202
103 109
120 137
181 24
42 57
217 76
14 89
104 193
152 231
240 165
203 98
114 118
176 65
80 130
212 17
30 45
139 160
151 7
168 195
230 240
51 61
76 88
110 118
126 175
39 96
210 18
136 183
238 1
147 160
191 222
109 198
79 96
63 28
45 124
174 209
137 232
7 148
218 188
94 106
157 194
64 77
165 240
56 121
40 135
27 231
7 14
148 78
88 240
67 104
160 123
220 51
196 137
170 160
229 148
81 179
62 76
92 208
37 50
100 116
240 127
163 139
87 197
216 54
64 76
30 100
173 16
145 110
8 178
203 124
157 185
49 64
227 38
79 135
164 29
93 141
105 192
211 231
16 1
149 122
54 199
69 99
176 36
221 78
156 84
22 130
109 182
138 207
225 98
163 3
50 119
34 66
187 213
229 76
145 86
107 123
171 216
93 198
154 58
23 39
45 134
236 68
173 109
156 186
78 204
222 116
138 87
240 27
44 116
190 14
50 158
92 225
63 240
1 142
122 76
160 99
228 196
212 31
105 40
180 18
49 60
126 163
83 197
4 145
215 183
231 32
46 240
66 81
89 164
199 19
26 215
35 146
108 182
66 237
86 128
164 8
41 216
198 240
1 107
44 146
26 85
165 44
240 81
125 182
65 105
17 163
142 196
217 62
37 105
217 81
99 35
27 160
116 80
136 26
50 156
18 111
43 186
224 166
1 31
183 140
161 80
16 240
1 1
1 1
1 2
3 5
5 6
6 9
10 12
14 14
14 15
16 17
17 18
19 19
20 22
22 23
25 28
28 29
31 33
33 34
34 34
35 36
36 36
36 37
37 37
40 41
41 43
45 46
46 47
48 48
49 49
49 51
52 52
53 55
57 60
60 61
61 61
61 62
63 63
64 64
65 67
67 68
68 73
73 73
73 74
74 74
74 75
75 75
75 76
78 80
81 81
81 82
87 87
87 87
87 87
87 87
88 88
88 89
89 90
90 91
92 92
93 94
98 98
99 99
100 101
101 101
101 101
104 104
105 106
107 108
110 110
110 110
111 111
111 111
112 112
115 116
117 117
119 120
120 122
122 122
123 123
124 125
125 126
127 128
128 132
132 133
134 134
135 135
135 135
136 136
136 138
139 140
141 143
144 144
144 145
145 145
146 146
146 147
147 148
149 149
150 151
153 155
156 156
156 157
157 157
157 158
158 159
160 160
160 161
162 163
165 166
167 167
168 168
168 169
169 170
170 171
172 172
173 174
176 176
176 178
178 180
180 180
181 181
181 181
181 183
183 187
187 188
188 189
190 190
192 193
194 194
194 194
195 196
198 199
199 199
200 200
201 202
204 205
205 206
207 207
207 208
208 208
210 210
211 211
212 213
215 216
216 218
219 220
220 221
221 223
223 224
224 226
226 226
227 227
229 231
231 234
235 236
236 236
237 237
237 237
238 240
240 240
241 241
242 242
243 243
245 245
245 246
246 246
247 250
251 251
252 254
255 256
256 257
258 259
259 259
260 260
265 266
267 267
267 269
270 271
274 276
277 279
282 282
287 288
288 290
290 290
294 297
300 301
303 305
307 309
310 312
312 316
318 320
