1 12
174 160
44 59
76 152
21 35
134 143
223 233
28 91
114 172
71 80
123 237
92 141
211 5
159 15
61 97
128 24
53 233
1 31
194 79
100 158
222 4
60 205
151 234
16 38
208 79
117 160
188 217
101 136
224 43
197 203
23 2
154 212
47 121
81 169
104 138
155 7
28 67
120 228
81 171
104 200
240 157
138 186
6 29
75 139
1 49
88 30
83 105
186 202
232 240
8 160
55 75
215 224
27 123
80 66
49 5
106 233
240 138
154 85
160 201
216 26
240 122
60 1
105 187
160 217
236 202
26 41
1 172
154 186
82 43
61 204
14 81
99 21
132 238
39 220
161 58
38 150
78 88
184 130
95 12
113 164
210 198
217 52
70 29
232 239
5 87
47 178
217 195
104 78
159 2
232 63
82 240
39 17
152 213
98 171
240 1
28 132
161 233
13 110
74 34
51 146
211 164
230 91
240 186
5 26
81 240
42 156
204 61
221 99
117 175
10 77
33 149
161 188
216 240
225 210
52 2
160 137
24 177
84 64
103 121
15 240
197 223
35 144
72 93
3 54
161 176
200 237
144 180
17 89
81 211
76 196
1 160
30 124
239 2
20 100
118 152
69 224
44 141
180 60
210 81
166 13
1 107
155 29
47 184
96 137
58 199
29 80
122 163
240 15
110 234
65 99
227 4
40 145
81 208
26 128
194 179
239 162
52 112
229 1
147 81
139 31
92 192
71 82
15 1
120 56
168 44
104 152
88 28
81 65
190 174
51 240
111 167
33 90
1 1
1 2
4 4
4 4
5 5
5 5
5 5
8 8
9 9
11 13
14 14
15 15
15 16
16 19
22 23
23 24
24 24
29 29
31 32
32 32
32 33
33 33
36 36
37 37
38 39
40 40
42 42
44 44
44 45
46 47
48 49
49 50
52 52
53 53
56 56
57 59
59 61
61 61
62 62
64 64
64 65
66 66
68 68
69 73
74 74
75 76
76 76
76 76
76 76
77 77
78 78
78 78
80 80
81 82
84 86
86 86
86 87
87 89
89 89
89 90
92 94
95 97
97 97
98 98
101 102
103 103
104 105
106 107
108 111
111 111
113 113
113 114
115 115
118 118
120 123
124 124
125 125
125 126
127 128
128 129
131 132
132 135
136 137
137 137
140 141
143 144
144 146
147 148
148 149
149 150
150 150
153 154
156 156
157 157
159 160
160 160
160 160
161 161
162 163
166 166
166 167
168 169
170 171
172 173
174 176
178 179
179 182
182 186
186 187
188 189
190 190
192 193
193 193
195 196
197 198
200 201
202 202
203 205
205 206
207 207
208 211
212 212
215 215
216 216
219 219
220 224
229 229
230 231
232 233
236 236
237 237
238 238
239 241
241 241
241 241
243 243
244 245
245 247
248 251
251 253
254 254
254 255
256 258
259 262
263 265
266 266
266 268
268 269
270 271
273 273
273 275
275 275
277 277
279 281
281 282
284 286
287 287
288 290
290 291
291 292
292 295
296 296
299 300
300 301
301 305
305 306
308 309
310 312
312 313
314 316
318 318
320 320
