6 39
96 172
17 31
57 70
87 23
199 137
147 156
236 79
113 103
93 221
127 160
204 49
60 195
180 86
6 78
18 157
228 49
64 237
26 138
95 33
176 118
1 76
153 240
128 146
215 4
96 234
10 52
20 80
65 101
132 157
237 29
58 167
36 198
5 84
209 104
185 65
233 155
21 43
212 122
192 220
228 106
140 77
48 200
207 236
5 28
158 215
125 52
173 187
142 159
108 12
21 33
79 1
72 82
90 125
151 231
239 167
174 181
196 115
54 108
190 203
142 160
240 79
1 11
34 127
143 54
92 205
235 5
87 109
160 190
14 218
32 127
71 80
53 236
11 109
142 158
204 89
31 126
65 160
1 109
190 8
219 81
141 239
86 205
31 76
8 157
175 82
189 48
65 207
4 103
26 240
81 44
160 198
223 1
62 43
81 153
187 134
161 99
18 117
167 200
219 240
161 57
75 234
240 35
1 11
91 161
52 81
220 181
1 198
108 161
234 68
86 3
45 23
155 215
82 103
174 135
236 79
40 56
149 167
214 161
233 95
240 189
11 1
32 48
160 207
66 224
139 1
103 121
178 199
16 81
39 153
191 219
240 228
213 57
142 163
181 30
89 69
108 240
1 125
22 200
82 226
41 148
78 97
59 11
180 164
1 203
80 101
160 194
227 235
126 1
149 183
24 94
214 81
200 36
164 128
240 10
105 50
227 145
184 67
212 170
20 81
88 112
36 159
54 82
188 240
101 4
142 36
87 127
202 168
22 80
115 236
72 104
229 11
46 150
162 211
2 32
133 197
85 183
240 58
167 118
231 8
38 145
98 216
77 195
21 125
237 13
62 171
1 1
1 1
3 3
3 3
3 4
4 5
5 5
6 7
7 9
10 10
11 11
11 12
13 13
14 15
17 17
18 19
19 20
20 20
21 21
23 25
25 26
27 27
29 29
30 30
30 31
31 31
32 33
36 37
39 39
39 39
39 41
41 41
46 46
48 48
48 49
49 50
50 52
54 54
54 56
58 58
59 60
60 61
62 62
63 63
65 65
65 66
68 69
69 69
72 72
73 76
76 76
76 77
77 77
77 77
77 77
77 78
78 78
78 80
81 81
81 81
82 82
82 84
85 85
85 86
89 91
91 92
92 93
93 93
93 93
94 95
96 96
98 99
101 102
103 103
103 103
105 106
107 110
111 111
112 113
113 114
114 115
116 117
118 118
120 121
122 122
122 123
123 128
128 128
129 129
131 132
134 135
135 135
135 137
140 141
141 141
141 142
142 143
145 145
146 148
148 148
151 152
153 153
153 155
157 157
157 157
160 160
160 161
162 162
164 164
165 166
167 168
170 171
172 172
173 174
174 175
176 179
180 183
183 183
183 185
185 186
186 188
189 190
190 195
196 196
199 199
201 203
203 203
204 204
206 206
207 207
209 210
210 211
213 215
216 216
218 220
220 222
222 222
223 223
224 225
227 228
229 229
232 232
233 234
235 236
237 237
239 241
241 241
241 241
242 246
246 246
247 248
250 253
253 254
254 256
257 258
258 261
261 262
262 264
266 268
269 270
270 271
272 272
273 274
275 275
276 279
279 283
283 283
283 285
286 286
287 289
290 290
291 292
292 292
292 294
295 296
298 298
299 299
303 304
304 305
307 308
309 309
310 310
313 313
316 317
317 318
318 318
