40 131
174 240
122 232
155 204
80 144
223 2
108 189
12 29
240 58
216 71
80 160
123 153
200 130
160 181
92 225
100 40
29 240
2 11
56 80
162 48
178 191
142 234
70 83
240 157
24 97
2 47
132 12
40 60
216 30
107 73
167 239
82 116
145 1
157 179
18 28
36 44
53 239
2 64
102 133
154 216
77 165
1 226
13 24
83 116
37 141
193 212
239 48
2 62
94 156
182 166
227 191
207 104
160 2
74 132
215 172
18 33
80 229
44 112
89 138
192 116
161 216
62 185
234 78
152 6
39 97
161 174
31 18
71 109
209 10
23 32
50 148
174 200
237 64
124 79
223 40
93 104
116 160
171 205
128 51
60 186
237 5
87 17
78 229
158 49
65 114
240 26
140 196
33 97
178 1
120 77
237 4
218 9
98 129
147 156
165 52
82 19
1 81
240 66
134 160
29 103
59 169
3 35
160 229
201 211
236 85
105 65
75 187
157 20
43 215
223 47
123 231
78 107
239 48
142 203
210 4
70 27
219 161
52 1
127 176
145 11
110 161
33 236
92 73
85 127
178 2
41 110
164 194
10 34
145 80
1 229
43 186
214 61
101 119
203 5
54 146
13 80
95 180
195 1
89 223
32 105
112 130
72 80
54 162
10 112
146 210
31 91
1 8
67 129
85 225
195 235
2 112
104 145
162 211
31 47
89 7
78 237
180 161
194 81
50 68
27 106
129 229
46 2
81 65
44 85
158 193
18 138
103 121
172 225
206 240
59 36
77 117
11 95
1 54
226 187
204 112
167 2
70 87
46 24
221 81
161 180
19 106
141 160
41 82
220 59
239 154
173 99
1 11
195 32
2 49
213 165
231 68
1 107
16 125
184 84
40 158
198 226
235 219
59 80
169 1
31 187
92 162
71 111
129 22
206 240
232 42
152 10
81 101
61 161
170 186
210 1
240 162
1 24
153 189
97 220
206 83
170 240
9 132
161 108
1 233
1 1
1 2
3 3
4 4
5 5
5 6
6 6
7 7
8 9
9 10
10 10
11 11
13 14
14 14
16 16
17 18
19 19
20 20
20 20
20 21
21 21
22 22
24 26
28 29
30 30
31 31
31 32
32 32
33 34
34 35
35 36
38 40
40 42
42 42
44 44
45 46
46 46
47 48
48 48
48 49
50 51
53 53
54 54
54 54
55 55
55 55
55 56
59 59
59 59
59 60
60 61
61 63
64 65
65 65
65 66
67 67
67 68
69 70
72 72
72 74
74 74
75 75
75 76
76 77
77 77
77 77
78 80
80 80
80 81
81 81
81 81
81 81
81 82
82 84
85 86
86 86
86 86
87 87
88 89
89 90
90 91
91 93
93 94
95 96
96 96
96 97
97 99
100 100
100 101
101 103
104 105
105 106
106 106
106 106
107 109
109 110
111 112
112 114
114 114
115 115
116 116
120 120
120 120
121 122
122 123
123 124
124 124
126 127
127 127
129 131
131 131
134 134
134 135
135 135
135 136
136 137
138 139
141 142
142 142
145 146
146 146
147 147
149 150
150 150
150 151
153 153
153 153
154 155
155 156
157 157
158 158
158 160
160 160
160 161
161 161
163 163
163 163
163 164
164 164
165 165
165 167
168 169
170 170
171 174
174 174
175 176
177 180
180 180
181 181
182 182
183 183
185 185
186 186
187 187
187 188
188 189
190 191
191 194
195 196
197 197
199 200
201 202
202 206
207 208
208 208
210 210
211 212
213 213
214 217
218 219
219 220
221 223
224 225
225 227
227 230
230 231
231 232
234 235
236 237
237 240
241 241
241 242
243 244
246 247
247 248
248 251
252 252
252 253
256 258
259 260
261 262
264 266
267 267
267 269
270 271
272 272
273 275
277 278
279 281
281 281
282 283
284 284
285 286
286 286
289 291
291 294
294 294
295 297
297 297
297 300
302 304
306 307
307 307
310 310
313 314
315 316
317 317
317 318
320 320
