38 157
13 240
150 67
47 33
184 81
62 149
80 141
81 109
67 161
8 120
226 212
131 46
171 93
83 105
164 67
74 126
5 26
192 1
45 227
93 102
128 58
78 161
8 137
234 171
146 196
3 240
224 20
41 155
63 92
105 116
180 130
161 35
80 52
147 176
8 236
46 116
154 109
219 161
25 61
6 166
80 226
143 209
77 190
36 172
229 1
153 111
197 214
80 68
161 235
144 220
73 205
186 224
12 111
121 191
81 161
135 56
226 144
212 86
195 116
69 26
153 178
231 103
218 126
69 39
142 236
24 82
38 81
154 204
67 177
194 211
225 9
53 161
39 53
11 215
235 148
169 188
68 100
118 54
199 27
40 69
204 143
163 232
87 126
81 13
148 170
1 111
130 194
44 154
93 75
161 5
209 48
232 191
7 81
218 107
155 240
177 10
161 33
68 87
1 15
230 115
164 189
240 175
201 80
130 154
212 183
231 227
176 236
240 29
97 2
137 1
1 8
8 9
10 13
15 20
23 25
31 32
33 35
36 37
37 38
38 40
42 43
44 44
48 49
49 49
51 51
52 55
56 56
57 57
58 63
63 65
66 66
67 68
68 69
72 73
74 75
75 76
77 77
77 78
78 78
78 78
80 80
84 84
87 88
91 92
92 93
93 93
95 95
97 98
98 100
101 103
103 105
105 106
106 107
107 107
110 110
111 112
112 116
117 117
118 120
120 121
124 125
127 128
128 128
129 130
131 132
133 134
135 135
137 137
138 139
140 141
141 142
145 145
146 147
150 151
152 154
157 160
160 160
160 161
161 161
161 161
162 162
166 168
169 172
173 173
176 176
176 180
180 182
187 188
189 190
192 193
194 194
195 196
197 198
199 201
201 203
203 203
204 206
206 210
211 213
217 219
221 221
222 224
226 227
229 229
230 231
234 235
236 236
236 237
240 240
241 241
241 245
249 249
251 251
251 251
255 261
281 289
306 307
316 316
317 317
