23 61
160 73
96 139
240 83
47 160
23 96
75 168
175 56
50 183
42 4
155 137
80 192
216 166
89 119
105 240
15 71
39 59
5 160
149 109
192 89
25 118
169 76
128 18
234 141
220 35
180 56
240 103
205 27
91 114
77 83
123 45
69 135
16 200
36 235
56 153
161 28
102 112
216 49
240 137
4 68
87 168
194 146
19 41
156 181
204 225
124 231
12 114
51 72
100 30
7 139
169 196
147 45
219 62
156 81
240 184
20 161
118 126
56 108
227 72
16 33
175 233
216 151
198 180
236 46
86 158
127 162
113 120
134 205
221 240
75 188
169 41
58 104
151 226
83 7
24 212
194 39
54 230
119 129
22 198
170 81
113 143
233 5
65 152
218 110
202 124
20 35
78 161
185 166
206 112
188 133
224 49
2 34
148 48
127 155
34 121
46 76
2 18
161 200
61 183
217 231
240 107
34 48
62 3
240 19
80 221
154 175
195 108
161 125
1 78
183 62
112 205
35 48
77 168
149 210
94 193
236 132
21 155
176 7
118 136
200 220
80 51
161 38
99 228
64 13
215 55
151 85
236 196
14 166
70 133
221 160
3 183
165 18
73 188
145 80
121 169
23 219
240 179
205 217
135 188
89 235
187 231
80 180
76 16
160 240
90 63
1 4
4 5
5 5
5 6
9 14
15 15
16 17
17 20
21 21
22 23
23 24
26 26
27 28
29 29
30 30
31 31
33 35
36 37
39 40
40 41
42 42
42 43
43 45
45 48
48 49
49 50
51 53
53 54
55 55
57 57
57 58
58 58
61 61
62 63
64 64
66 68
68 69
69 70
70 71
72 72
73 73
73 74
76 76
78 78
79 80
81 81
82 82
83 84
84 85
87 87
87 88
89 91
92 94
94 95
96 97
98 98
99 99
100 100
100 104
107 107
107 108
110 111
111 112
112 114
114 114
116 116
117 117
118 118
118 121
122 122
123 124
124 124
125 126
128 129
129 130
131 133
133 133
134 134
135 135
137 138
138 138
139 140
140 141
141 143
143 144
145 146
146 146
147 150
150 151
151 152
152 153
157 157
157 158
160 160
161 161
165 165
167 167
167 167
168 168
168 168
170 173
175 175
176 177
178 179
179 179
182 182
183 185
187 188
189 189
192 194
194 194
196 196
198 198
200 200
201 201
201 203
205 207
208 209
209 210
211 211
212 213
213 215
216 217
220 224
225 227
227 228
228 229
231 232
233 233
234 236
237 237
240 241
241 241
243 245
246 246
247 251
252 255
257 257
258 262
265 268
278 287
292 297
299 316
316 316
317 318
