57 69
90 237
4 38
148 160
141 100
196 80
216 110
161 18
122 55
8 67
132 225
89 180
1 40
160 184
153 17
69 91
168 50
240 176
35 130
25 185
208 83
98 112
9 65
122 233
34 52
214 1
153 161
142 185
19 83
111 156
122 165
70 227
12 61
134 213
172 193
30 161
50 199
235 95
85 108
21 154
71 77
116 220
39 129
64 11
169 193
30 146
227 50
153 179
198 97
23 105
209 123
17 132
62 162
187 140
235 35
56 13
77 174
148 197
240 224
7 108
45 118
157 181
66 94
125 24
1 88
133 163
140 189
229 39
18 169
212 56
150 177
199 14
120 157
236 112
50 102
134 220
29 66
163 186
10 168
27 226
83 144
209 191
174 41
80 120
113 155
107 128
198 214
136 53
162 181
72 34
97 145
219 76
2 19
205 187
156 34
240 48
223 113
123 191
17 163
172 75
107 137
59 226
1 146
212 88
103 195
15 117
72 154
30 179
230 58
160 182
200 105
44 71
126 217
13 57
143 167
42 86
235 115
28 81
101 41
70 193
240 56
176 210
224 14
133 198
85 161
101 42
56 71
1 15
215 235
148 85
168 189
102 154
120 219
137 178
56 106
198 30
160 43
71 204
143 186
230 89
126 109
16 149
170 3
112 131
194 238
46 154
32 179
76 94
203 222
118 161
60 8
183 209
42 81
230 50
2 161
190 10
36 81
128 65
104 216
234 154
111 131
177 240
50 13
68 88
161 224
35 139
116 164
188 5
213 174
130 200
211 182
229 91
20 181
168 225
167 176
122 55
223 236
10 224
160 1
1 1
1 2
2 2
3 5
6 6
7 7
8 8
10 11
12 13
13 13
13 14
14 15
17 19
20 21
23 24
24 25
27 27
28 30
31 33
33 35
36 37
37 38
39 39
39 42
42 42
44 44
45 46
48 49
49 49
49 50
50 51
52 53
54 55
55 56
56 57
57 58
60 60
61 62
62 63
63 64
64 64
64 65
65 66
69 69
69 70
71 71
72 74
74 74
75 76
76 76
77 78
79 80
80 80
81 81
82 83
84 84
86 87
87 88
89 90
90 91
91 91
91 92
92 92
93 95
95 95
95 96
96 97
98 100
100 100
101 102
104 104
106 106
106 106
107 108
108 108
108 110
111 111
112 115
115 116
116 117
118 118
119 120
121 121
123 124
124 125
125 126
126 129
130 130
130 131
132 132
132 134
135 136
136 137
138 139
140 140
141 141
142 142
142 143
144 144
146 146
146 147
147 148
148 149
151 151
151 152
152 153
154 155
155 156
157 158
158 158
159 160
160 160
160 165
165 165
165 166
166 167
169 170
170 171
173 173
174 175
176 176
176 176
178 179
179 180
180 181
183 183
184 187
187 187
187 189
190 190
190 193
195 196
198 199
200 202
202 202
203 203
204 206
207 208
209 209
210 210
211 213
214 215
217 217
217 218
218 220
220 222
223 224
224 225
225 227
228 229
230 231
233 234
235 235
236 237
237 237
240 240
240 240
241 241
241 241
244 245
245 245
245 248
249 249
249 249
249 250
251 254
254 255
257 259
263 265
265 267
270 276
278 280
286 288
295 301
304 307
312 313
313 317
317 318
