5 71
116 157
216 58
125 168
193 25
134 147
16 38
85 98
224 76
188 108
119 163
60 67
193 173
146 234
18 181
39 96
205 88
115 156
240 80
124 9
133 164
193 223
52 72
169 143
23 46
177 1
151 228
112 186
101 160
211 119
87 127
35 58
134 235
165 81
197 145
174 220
50 29
152 203
7 115
129 227
104 108
121 184
210 3
41 165
231 89
190 83
172 19
142 215
153 117
74 125
33 103
109 222
161 133
95 142
207 227
22 65
93 187
212 81
45 149
192 230
72 163
111 122
215 9
24 136
81 105
145 71
203 180
236 23
116 154
54 101
222 161
185 68
6 126
168 240
84 104
22 52
144 38
150 230
240 115
127 198
6 181
101 157
21 84
203 67
164 141
240 36
6 52
84 101
214 194
133 173
152 39
53 118
24 86
159 103
9 184
205 70
123 142
87 167
211 240
192 128
108 55
148 89
27 41
71 132
223 113
155 177
202 57
92 3
100 137
116 160
14 30
141 237
46 96
1 220
18 206
240 78
200 62
5 36
206 24
157 84
135 7
51 186
162 110
140 212
69 88
117 169
193 10
40 150
199 174
73 94
29 55
15 1
131 184
211 45
81 160
19 61
139 193
108 175
68 91
125 182
152 41
54 29
240 131
165 193
1 77
105 110
199 61
9 45
83 28
156 178
89 116
240 189
15 98
133 161
32 53
69 1
174 144
75 24
40 8
59 80
160 171
87 47
65 33
120 71
99 192
160 30
163 56
80 240
137 145
98 158
5 137
170 165
119 212
80 132
70 94
1 1
1 1
1 2
3 3
3 5
6 10
11 11
11 11
11 13
13 14
14 14
16 16
17 19
20 21
23 23
24 25
25 26
26 26
26 27
27 28
29 29
29 29
31 31
31 33
35 35
35 37
37 37
39 39
40 40
40 41
42 42
43 43
43 43
44 45
46 48
48 48
49 51
52 52
53 55
55 55
56 56
56 56
58 59
59 59
59 60
61 63
63 64
64 65
69 70
71 71
72 72
72 73
74 76
77 77
77 79
80 80
81 81
81 82
83 83
84 84
86 87
88 88
88 89
91 91
93 93
93 95
95 96
96 97
97 97
98 98
98 100
100 102
104 104
104 104
105 105
107 107
108 111
111 113
113 114
114 114
116 117
118 118
119 119
119 122
122 123
123 124
126 126
127 128
129 130
131 131
132 133
133 133
134 137
137 139
140 140
140 141
141 143
145 145
145 145
146 147
149 151
151 152
153 153
154 154
154 155
156 156
157 158
158 161
161 161
162 162
165 165
165 166
169 169
170 170
171 171
171 172
174 177
178 179
180 181
181 182
182 184
184 184
185 186
187 187
188 188
188 188
188 190
190 193
193 194
195 195
196 196
199 200
202 202
202 203
203 204
205 206
207 207
208 214
217 217
218 218
219 220
220 221
223 224
224 224
225 225
227 230
230 231
232 232
232 233
234 234
235 235
236 237
240 240
240 240
241 241
241 243
243 246
247 250
250 252
252 253
253 256
257 259
259 261
261 264
265 266
268 270
270 271
271 274
276 279
281 282
285 292
297 308
312 312
316 318
320 320
