4 53
81 84
152 240
23 74
160 186
173 44
64 111
125 134
213 101
146 85
93 218
53 79
240 198
6 172
24 44
66 207
114 122
141 182
231 83
105 150
36 189
58 159
219 195
31 78
98 168
10 202
50 72
176 27
6 127
137 211
144 185
236 113
84 152
160 21
40 61
191 106
221 170
199 2
16 55
178 34
73 227
94 140
155 129
133 184
209 50
147 13
191 234
30 68
114 215
85 109
46 197
167 240
10 104
26 80
178 142
100 128
135 150
59 206
185 41
75 159
8 168
231 56
21 91
117 213
194 240
71 174
180 217
97 196
3 85
113 136
188 239
146 19
36 161
51 222
130 170
96 34
227 205
80 141
179 126
209 65
186 1
17 93
150 33
109 193
78 129
240 48
168 128
64 174
16 108
140 222
240 80
92 33
48 125
182 1
205 109
161 227
92 141
166 188
62 17
213 33
77 2
109 126
17 218
237 34
93 157
197 176
64 78
143 49
110 183
19 35
128 81
208 95
147 229
20 166
6 112
191 235
96 152
217 133
172 81
196 240
96 52
67 113
156 138
201 179
82 117
226 161
8 141
185 210
24 70
173 185
40 165
56 81
240 216
27 72
121 45
230 103
59 224
174 88
160 31
61 106
18 230
50 181
109 161
34 77
211 187
135 141
22 94
114 165
236 193
37 66
174 119
198 223
98 12
55 81
26 42
176 155
208 71
236 105
186 46
87 4
133 217
19 61
164 223
171 144
200 235
240 94
160 150
207 67
177 26
41 80
55 125
14 156
102 190
216 130
1 165
21 87
135 223
71 108
36 174
56 114
141 181
7 233
213 42
76 94
123 159
191 199
14 29
206 169
100 50
4 67
22 84
35 107
185 156
195 113
40 73
91 59
145 164
205 97
124 80
217 187
57 81
107 160
44 92
171 7
124 183
80 60
32 204
240 20
87 153
80 158
163 176
240 195
78 160
112 161
168 189
145 21
75 158
108 84
2 1
1 1
1 1
1 2
2 2
2 5
6 7
7 8
9 9
10 10
12 12
13 14
14 14
15 17
17 19
20 20
20 22
22 22
22 22
23 23
23 25
25 26
26 26
27 28
28 28
29 30
31 32
32 33
34 36
36 36
36 37
37 37
38 39
39 39
40 40
40 40
42 42
44 44
45 45
47 48
49 49
49 50
51 51
52 52
52 52
53 53
54 55
55 56
56 57
58 59
59 60
60 61
62 63
63 64
65 65
66 67
68 68
68 69
69 70
71 71
72 74
74 74
75 76
77 77
77 78
78 80
80 80
81 83
83 84
84 84
84 84
84 85
86 86
87 88
88 89
90 91
92 92
93 94
94 94
95 96
97 97
98 98
99 100
101 101
101 102
102 102
103 105
107 108
108 110
110 111
111 111
112 113
114 114
114 114
115 115
116 116
116 119
119 119
119 120
121 122
123 123
124 124
124 126
127 127
128 128
128 128
129 130
130 130
132 133
134 135
136 136
137 137
138 138
138 140
140 141
141 142
142 143
144 144
146 147
148 149
149 150
151 151
151 151
152 153
154 155
155 155
157 158
158 158
158 160
160 161
161 162
162 163
164 164
166 167
167 167
168 168
169 170
172 173
174 174
175 175
175 176
177 178
178 179
179 181
181 181
182 183
184 185
185 185
185 185
186 187
187 190
191 191
191 192
193 193
193 195
197 197
199 199
200 200
201 201
202 203
204 204
204 205
205 205
209 210
211 211
213 213
214 214
216 216
217 217
218 218
218 219
219 221
221 222
222 222
224 225
226 227
228 228
228 229
229 230
231 232
232 232
232 233
233 235
237 237
238 238
239 240
240 241
241 241
243 245
247 248
248 250
250 251
251 251
253 254
255 256
257 257
258 258
258 259
262 262
263 264
267 268
268 270
273 274
274 277
278 278
280 281
282 283
283 285
286 287
287 288
289 291
291 292
296 297
302 303
305 305
307 310
312 313
314 317
318 319
