20 40
168 60
107 119
97 129
141 183
207 237
28 81
88 213
152 49
75 160
193 167
1 19
202 40
61 109
118 136
145 177
225 15
81 100
32 155
184 213
240 54
189 27
73 93
164 7
197 46
68 89
172 23
133 206
122 180
3 140
230 108
148 79
155 17
56 185
36 102
216 73
165 195
239 12
51 173
222 30
69 135
150 86
125 128
142 180
204 45
9 186
229 63
26 110
210 80
104 192
42 162
59 235
100 22
217 173
138 96
73 124
130 145
55 201
240 37
181 154
163 226
4 52
208 18
86 113
189 240
67 212
82 93
110 132
183 190
234 1
142 33
16 156
48 217
63 126
165 92
200 222
1 31
76 137
174 106
122 240
204 181
14 61
89 146
105 30
124 74
45 164
191 124
60 170
13 104
136 218
235 88
29 121
178 201
105 157
223 44
161 184
88 137
58 240
30 74
210 122
1 105
161 14
214 32
153 193
90 172
75 139
1 60
220 46
238 106
178 16
124 4
33 204
225 92
143 161
17 80
108 187
231 93
213 148
129 168
77 240
192 50
64 93
110 152
134 197
175 80
222 114
157 6
137 181
206 22
38 53
74 162
189 98
25 69
118 212
240 42
56 100
220 8
170 85
103 29
59 16
227 178
47 106
156 74
207 32
184 132
161 20
91 110
233 190
139 35
63 171
195 219
95 116
10 78
53 24
40 124
173 160
206 232
152 69
102 183
44 84
240 1
130 160
214 17
32 59
136 220
108 168
141 197
5 114
49 92
148 204
174 65
78 236
24 122
153 160
12 187
214 100
42 128
163 85
132 195
221 106
19 69
34 172
200 52
112 139
179 231
6 211
40 74
92 121
156 189
240 197
12 28
148 61
156 168
204 211
80 99
129 218
49 3
65 20
34 83
105 183
136 154
193 11
38 110
71 89
58 143
161 203
44 95
123 1
27 216
55 187
80 106
151 9
41 91
160 114
169 123
6 181
78 53
103 31
203 240
212 19
152 87
160 79
117 47
175 240
8 194
207 76
26 228
80 99
160 111
167 7
189 240
236 214
144 19
74 157
36 95
106 2
113 124
137 161
170 179
186 195
1 1
1 4
4 5
6 6
6 6
6 6
9 9
9 9
10 11
11 12
12 13
14 16
16 17
17 19
19 19
19 19
19 20
20 20
22 22
22 22
22 23
24 25
25 25
26 28
28 29
29 29
30 31
32 32
33 33
34 34
34 35
35 36
36 37
37 37
38 39
39 41
41 41
41 43
44 44
45 46
46 48
48 49
49 49
49 49
49 50
52 52
52 53
54 54
54 56
56 56
57 57
58 58
60 61
61 62
63 64
65 65
65 65
66 66
67 68
68 69
71 71
72 72
73 74
74 75
75 76
77 77
81 81
81 81
81 81
81 82
82 83
84 84
85 85
86 86
87 89
89 89
90 90
91 91
91 92
92 92
93 94
95 95
96 97
98 99
99 100
101 102
102 104
105 105
108 108
108 108
108 110
111 111
111 111
113 113
113 115
116 116
117 117
118 118
120 120
120 121
122 122
122 123
124 125
125 125
126 126
127 127
128 128
128 129
129 130
131 132
133 134
134 134
134 135
135 136
137 139
139 139
139 140
140 141
143 144
145 145
146 148
148 148
148 148
149 150
151 152
152 153
155 156
156 156
156 158
159 160
160 160
160 161
164 164
164 164
165 166
166 167
168 169
170 171
172 173
173 174
174 175
176 176
177 178
178 179
179 180
181 182
182 182
182 183
184 185
185 187
188 188
189 189
190 190
191 193
194 194
194 196
196 196
197 198
198 199
200 200
200 202
202 202
202 203
203 203
204 206
207 207
209 209
210 210
212 212
213 213
214 215
215 215
216 217
218 218
219 219
219 220
221 221
223 225
225 225
225 226
227 227
228 228
228 229
229 229
230 230
231 232
234 234
236 236
236 237
237 238
239 240
240 241
241 241
241 241
242 242
243 243
245 246
246 248
248 248
248 248
249 250
251 253
253 253
254 254
255 255
255 256
260 260
260 261
261 261
265 265
266 267
268 270
272 272
272 273
274 276
277 277
278 279
280 281
281 281
282 284
284 285
286 287
288 289
289 289
291 293
294 295
296 296
297 298
299 300
302 304
304 304
305 307
308 309
311 312
314 314
316 317
320 320
320 320
320 320
320 320
