11 168
186 213
240 160
228 2
109 150
35 75
137 87
13 60
47 188
126 104
29 94
146 219
168 206
237 81
61 11
47 192
100 144
36 160
72 26
210 236
180 14
98 116
50 134
195 36
3 154
62 16
129 175
48 80
86 213
111 192
4 147
31 225
106 1
202 167
125 50
98 141
16 160
38 183
92 116
7 57
222 138
27 196
161 106
208 42
235 17
73 88
125 162
136 170
64 78
184 150
220 233
11 28
48 170
199 94
111 1
121 39
73 132
153 56
214 63
187 14
240 168
111 67
27 101
48 80
88 178
203 129
164 8
42 77
211 190
24 58
143 240
118 98
161 87
221 41
70 7
153 180
105 132
203 161
5 88
120 233
40 170
212 92
161 76
129 6
26 150
240 58
44 137
227 181
7 64
78 117
161 28
45 103
189 64
86 12
38 49
180 205
224 234
29 80
143 163
153 110
133 193
217 180
52 138
161 80
2 98
235 19
124 59
78 150
161 221
215 170
4 86
143 109
66 50
200 156
167 162
182 133
233 35
100 4
165 123
23 190
82 63
220 199
27 110
175 145
81 160
131 16
93 227
74 121
183 3
161 70
87 104
216 81
152 240
42 203
231 85
96 151
177 76
122 219
164 67
136 145
18 29
57 96
239 85
161 174
122 188
76 219
41 147
60 136
198 233
119 185
68 96
148 161
81 195
27 172
1 15
67 211
136 160
126 92
74 110
154 57
240 40
139 161
181 204
28 81
75 92
166 12
146 190
89 203
40 18
71 112
177 155
240 98
217 203
62 161
33 106
127 144
240 8
189 87
91 51
227 63
118 200
75 178
236 98
240 34
209 59
166 21
88 109
225 67
134 154
196 45
2 233
75 1
1 1
2 2
3 3
4 5
5 6
6 7
8 11
12 14
14 15
16 18
18 18
18 19
20 20
21 22
23 25
25 27
27 28
29 30
31 32
32 33
35 35
35 36
36 37
38 40
40 44
46 46
46 47
47 47
47 48
48 50
51 52
52 54
55 55
56 57
58 58
59 60
62 63
63 64
64 66
67 67
68 69
69 70
74 74
75 75
76 76
76 77
77 80
80 81
81 81
82 83
83 84
84 86
87 87
88 88
89 90
93 93
93 93
95 95
97 97
98 98
100 102
103 104
104 105
105 106
106 106
107 112
113 113
113 113
115 116
116 116
116 117
120 120
121 121
123 124
125 125
125 126
126 127
128 130
130 132
134 136
136 137
138 140
141 141
142 142
142 143
144 148
148 148
149 150
150 150
150 150
151 157
157 157
159 160
161 161
161 161
161 161
161 162
162 162
162 163
164 164
164 166
169 170
171 171
172 174
174 174
177 178
179 179
179 180
180 182
183 185
185 186
187 189
190 190
191 191
192 192
193 193
195 195
197 199
200 201
201 202
207 207
208 209
209 209
210 211
211 212
213 213
214 216
217 218
222 222
223 223
223 224
227 227
230 231
231 231
233 234
234 235
236 236
236 237
240 240
240 241
241 241
241 242
244 244
244 245
245 246
246 247
249 250
250 250
252 253
253 256
256 259
260 261
261 262
262 264
264 264
265 267
267 268
269 270
270 271
273 274
275 275
275 275
275 276
278 279
279 279
281 282
282 283
283 284
285 285
285 288
289 289
290 290
291 294
294 296
296 296
296 296
297 297
298 301
302 302
304 304
304 305
305 305
306 307
308 308
309 311
313 313
313 313
314 314
314 314
316 317
317 320
