2 13
57 121
152 66
192 46
80 32
160 128
221 21
145 194
57 12
164 234
83 1
101 180
35 119
160 139
22 47
160 198
114 177
232 2
33 72
210 97
81 133
17 187
92 152
111 36
76 83
127 3
116 169
62 208
24 102
237 44
182 80
146 13
221 194
28 92
4 60
75 112
170 230
51 123
206 136
185 15
157 35
80 98
108 141
201 120
227 26
61 161
174 1
81 44
209 145
236 2
156 203
99 227
55 89
191 16
166 36
77 117
199 161
152 229
178 31
66 131
13 47
106 210
87 186
76 168
30 59
141 192
121 94
161 149
222 12
80 110
202 159
174 82
231 119
140 16
48 216
237 171
127 161
34 107
151 69
19 179
204 94
224 36
55 77
143 184
20 124
101 208
170 161
153 43
130 226
10 71
90 81
240 116
132 142
196 206
213 52
70 154
162 177
90 136
78 101
236 192
59 225
174 5
29 92
157 183
117 16
75 213
236 193
57 158
168 20
104 125
220 87
69 177
234 134
115 210
65 99
81 51
146 160
186 36
196 240
81 91
172 117
159 232
13 141
169 214
81 103
161 195
36 72
229 132
55 5
155 181
240 78
96 115
169 223
28 64
144 204
21 157
191 169
80 107
225 240
11 119
209 55
65 133
157 179
39 77
106 25
148 161
51 240
9 72
81 90
125 177
201 37
157 238
15 111
69 215
188 224
238 161
98 141
31 6
125 201
17 61
40 240
78 165
108 153
229 136
178 206
12 84
166 97
1 24
67 34
150 195
208 240
134 80
66 155
119 189
221 4
169 16
51 76
89 103
197 236
2 219
1 1
1 1
1 3
3 5
6 7
7 8
9 10
10 10
12 13
13 15
16 17
17 17
18 18
19 20
21 26
26 26
27 27
27 28
29 29
30 31
32 32
35 35
36 37
38 40
40 40
40 43
44 44
45 45
46 46
46 49
49 51
51 52
53 54
57 57
59 59
59 59
60 60
62 62
62 63
66 67
68 69
70 70
71 74
74 75
75 76
76 76
76 77
77 78
80 81
81 82
82 82
84 84
85 86
86 87
87 88
88 89
91 92
93 94
95 96
96 97
99 99
99 99
102 102
104 105
106 106
106 106
107 108
109 110
112 114
114 114
116 117
118 120
121 123
123 125
127 127
128 129
130 130
131 131
131 132
134 138
138 139
139 140
142 142
144 144
145 145
146 146
149 150
152 153
153 154
155 156
156 157
159 160
161 161
161 161
161 162
162 163
163 163
166 166
167 169
169 170
171 172
173 175
177 178
181 181
183 184
184 187
187 188
189 190
190 191
191 193
194 196
198 198
198 199
200 203
205 205
206 207
208 208
211 213
213 213
214 216
216 219
219 219
221 222
225 225
226 226
227 227
228 228
229 231
232 233
233 233
233 235
235 235
236 238
240 240
240 240
241 241
241 242
243 243
244 244
245 245
245 246
247 248
248 248
250 251
251 257
258 258
259 259
260 260
260 260
260 262
262 264
265 266
267 267
268 268
269 272
273 274
275 275
276 277
277 282
283 283
284 284
287 289
292 292
292 295
296 296
297 299
299 300
301 302
302 303
303 303
306 306
307 309
310 310
311 311
311 312
313 314
316 316
316 316
316 316
320 320
