47 56
89 100
121 156
191 212
236 160
34 80
14 161
1 97
237 114
215 26
164 179
191 134
52 70
88 149
226 5
204 17
83 129
146 240
3 41
161 167
65 201
102 180
226 61
156 122
80 6
96 215
240 85
138 161
71 177
13 151
207 116
230 164
62 190
81 238
29 44
139 92
20 106
161 199
176 224
237 126
155 4
50 68
77 212
89 110
30 171
161 13
144 81
197 192
213 114
125 178
236 68
225 206
25 58
161 6
46 136
87 169
122 236
35 1
148 101
200 220
16 76
57 179
45 156
111 138
1 29
231 64
91 162
119 213
80 50
192 161
129 171
52 222
158 89
110 201
18 186
97 141
4 121
207 77
231 39
161 149
64 7
174 194
216 26
47 237
114 154
95 71
178 220
141 14
100 123
42 60
161 86
150 228
104 112
124 141
199 22
41 80
184 240
177 133
229 61
49 163
29 145
195 220
237 1
64 165
128 88
154 46
71 183
163 207
28 139
233 75
190 58
40 176
86 106
147 232
71 181
214 36
53 23
117 156
9 80
212 63
240 88
131 201
112 140
230 75
184 165
44 9
104 198
240 28
126 152
210 50
68 86
165 227
116 193
13 37
59 203
161 240
2 52
90 139
71 177
193 212
28 104
129 226
150 78
49 185
11 85
161 1
119 62
75 210
24 97
226 148
160 171
127 42
70 85
114 185
158 173
80 144
58 130
194 208
113 97
226 4
160 146
34 171
14 47
240 161
197 83
220 107
149 178
135 58
166 8
40 122
106 154
232 53
160 26
66 91
137 193
211 1
151 1
1 1
1 1
1 1
1 1
2 4
5 6
7 10
11 11
12 13
14 14
14 14
16 18
18 19
19 20
21 21
28 28
28 29
29 30
30 30
30 31
32 33
34 34
37 37
38 39
41 41
41 43
44 45
45 46
48 51
51 51
52 52
56 57
57 59
59 60
60 61
62 63
63 64
64 65
66 66
68 68
69 71
71 72
74 75
75 76
76 77
78 78
80 80
81 81
82 82
82 83
84 84
85 86
86 87
88 88
88 90
93 94
95 96
97 97
98 98
98 99
99 102
102 104
104 106
106 107
107 107
108 108
108 110
111 114
115 115
116 117
118 121
121 122
123 123
123 128
129 130
130 131
131 131
132 132
133 137
138 139
140 140
141 141
142 142
142 145
145 146
147 147
149 150
153 153
153 156
156 157
160 160
160 161
161 161
161 161
162 162
162 162
162 163
164 165
166 167
171 172
173 174
177 177
178 178
180 181
182 182
184 185
188 189
189 190
190 190
191 195
196 197
197 199
199 199
204 205
205 205
206 206
209 209
212 215
216 216
217 218
219 219
221 222
226 226
227 227
228 229
231 232
232 232
233 233
234 235
236 236
236 236
236 240
240 241
241 241
241 242
242 243
244 244
244 245
246 246
248 249
249 249
249 250
251 252
252 253
257 257
260 260
262 262
262 263
264 264
265 265
265 267
270 270
270 271
271 272
273 275
275 276
276 276
277 279
280 280
281 285
286 287
287 289
289 290
292 295
297 298
299 300
301 302
304 307
308 308
308 311
312 313
314 314
316 316
316 316
316 316
317 320
