160 206
80 104
117 235
53 194
30 151
226 73
21 82
96 135
170 161
8 120
240 217
87 1
139 168
194 73
107 158
217 22
41 204
58 182
232 79
2 238
100 221
53 118
161 11
35 177
203 153
72 1
129 234
162 32
93 190
51 219
22 161
57 109
150 2
17 41
240 181
205 123
64 87
136 161
214 33
14 1
52 111
161 172
63 148
199 77
90 233
127 180
97 216
21 39
185 233
48 161
72 143
60 108
116 135
239 2
160 78
184 210
97 178
198 224
39 237
30 107
134 162
18 58
210 218
81 93
142 170
121 161
194 7
174 73
240 47
153 82
228 28
57 205
16 111
134 1
35 63
185 91
81 165
52 101
238 145
161 195
174 1
34 82
160 180
203 236
114 69
81 141
226 50
94 216
11 122
188 209
35 166
1 19
86 126
151 194
43 67
236 216
126 95
19 73
1 186
27 48
94 156
172 58
124 72
116 149
201 13
85 138
181 104
223 22
78 236
43 1
136 90
103 168
116 209
192 238
160 35
229 101
126 60
238 18
82 154
179 2
111 215
224 46
68 235
83 163
30 1
176 12
121 58
77 204
187 224
160 8
23 43
142 153
88 127
236 139
210 225
34 156
59 102
161 82
175 193
4 240
46 112
81 156
14 137
169 225
74 98
200 20
123 182
2 38
57 166
175 190
7 23
57 87
122 176
110 134
160 41
49 3
81 166
149 185
199 239
34 74
99 18
121 162
2 50
167 175
130 152
67 89
14 31
81 181
196 223
118 142
2 38
66 85
129 157
27 50
165 1
113 178
12 195
101 84
41 153
4 162
225 208
34 238
63 88
160 186
202 2
164 27
52 9
224 59
102 216
82 240
41 23
196 161
175 2
73 92
107 137
160 31
45 57
219 11
121 153
1 1
2 3
3 3
4 5
6 6
6 7
8 8
8 8
8 10
11 13
15 17
18 19
19 19
19 20
21 21
23 24
24 24
25 26
26 27
29 29
33 33
34 35
35 36
37 37
37 38
39 40
41 41
42 43
43 44
45 45
47 48
50 50
51 52
52 52
53 54
54 55
56 57
59 59
61 63
64 65
65 65
66 66
67 67
67 69
69 69
71 71
73 74
76 76
76 76
77 77
78 80
81 81
81 81
81 82
82 83
84 85
86 86
86 86
89 90
91 91
91 91
93 94
95 96
97 97
97 97
99 100
100 101
101 102
103 104
104 105
105 106
107 108
109 110
110 111
112 112
112 113
115 115
118 119
119 120
121 122
124 125
127 127
131 131
131 131
132 133
133 133
134 135
135 135
136 141
141 141
142 142
144 145
147 148
148 148
149 149
149 150
154 155
156 156
157 157
161 161
161 161
161 162
162 163
163 163
163 164
164 164
164 166
168 170
170 170
172 173
173 174
174 174
175 175
176 178
179 180
180 183
183 185
185 186
187 188
188 190
191 191
191 192
194 194
195 195
197 198
198 199
200 201
201 202
204 204
205 206
206 206
206 206
209 212
212 214
215 215
216 216
219 219
219 220
220 220
222 224
226 226
227 227
228 228
229 229
231 233
233 234
234 234
235 235
235 238
238 238
240 241
241 241
241 241
242 242
242 243
243 244
244 244
245 246
246 246
247 248
248 249
249 250
251 251
254 254
255 255
258 258
259 259
259 260
261 261
262 262
266 266
269 269
269 269
272 272
272 273
273 274
276 277
280 281
282 282
283 285
286 287
289 293
294 294
294 294
298 299
299 300
300 303
303 305
305 305
306 307
308 309
310 311
311 313
313 313
313 314
314 315
317 317
317 318
320 320
