46 54
134 212
77 190
204 98
127 157
14 236
109 36
175 226
81 57
131 158
74 120
10 109
2 188
29 85
145 173
161 49
8 24
227 215
66 107
200 137
161 14
80 2
22 44
118 171
236 93
161 81
129 207
69 156
190 2
10 106
20 35
223 229
84 174
55 240
143 81
187 6
101 163
39 18
74 157
182 82
136 237
207 55
195 225
92 2
65 81
176 16
161 224
100 129
153 1
39 51
79 143
194 70
149 209
31 112
186 240
20 47
124 6
101 164
199 81
93 41
70 144
236 161
22 227
49 124
185 197
166 2
82 10
104 155
60 134
224 240
213 65
204 21
81 41
163 120
140 2
186 101
176 73
109 29
54 1
223 240
9 211
137 148
170 81
127 240
2 111
155 197
46 86
177 27
220 3
162 80
233 56
148 1
33 194
116 85
162 110
142 19
227 46
2 65
184 207
240 39
4 97
129 228
64 142
171 51
77 154
160 21
27 191
201 209
231 147
28 238
8 75
202 62
87 102
1 51
128 22
167 117
140 1
161 177
187 72
231 198
240 8
125 1
31 138
156 83
167 20
40 149
161 187
176 105
116 231
240 5
51 160
199 209
80 90
148 101
188 173
137 23
81 157
65 240
2 205
166 232
76 1
10 101
119 189
133 218
39 62
146 88
3 22
129 229
81 140
185 240
1 52
98 75
14 114
205 149
162 213
2 40
64 86
227 140
131 1
95 117
80 156
182 33
55 171
94 118
136 147
162 189
50 13
83 107
63 76
219 240
6 95
122 33
51 160
131 144
17 79
162 216
2 68
81 97
120 51
1 9
193 175
165 83
139 234
1 111
177 207
155 162
31 56
171 222
193 20
82 2
72 240
27 10
167 81
145 43
76 108
62 82
1 26
224 175
141 208
47 158
76 240
1 12
109 192
87 129
142 80
182 161
216 2
15 27
44 68
1 1
1 1
2 2
2 3
3 3
4 4
5 6
7 8
9 11
11 12
13 13
14 14
15 15
18 19
19 19
21 22
25 26
26 27
29 29
29 30
30 31
33 34
36 36
36 36
36 37
37 40
43 43
44 44
44 45
45 45
47 48
48 48
50 51
52 52
53 56
56 58
58 58
59 61
61 62
62 63
64 64
65 66
66 66
69 71
71 71
72 74
74 74
76 76
76 77
77 77
77 77
78 81
81 81
82 82
82 82
83 83
83 84
84 84
84 88
89 90
90 90
90 91
92 93
94 94
94 95
97 98
98 99
99 99
100 102
103 103
104 105
105 107
107 108
109 110
110 111
111 112
112 113
113 114
115 116
116 116
117 117
119 119
119 121
121 122
124 127
127 127
128 128
128 130
130 131
133 134
135 136
136 137
138 140
141 142
142 143
143 144
144 145
146 146
146 148
149 151
153 153
153 153
154 154
154 155
155 155
156 157
158 158
158 158
160 161
162 162
163 163
163 164
164 164
165 165
165 166
166 168
168 169
169 170
170 172
172 173
173 174
174 176
176 177
177 181
181 182
182 183
183 183
185 186
186 187
187 188
190 191
191 191
192 193
193 194
194 195
199 200
200 200
201 201
202 202
203 203
207 208
208 208
208 208
210 212
213 214
214 215
217 217
218 218
219 220
220 220
221 222
222 224
225 225
225 226
226 226
229 230
230 230
232 234
235 236
236 236
237 237
238 240
240 240
241 241
241 241
241 241
242 243
243 243
245 245
246 247
249 250
250 251
251 251
253 254
255 255
257 259
260 262
262 263
263 264
265 265
265 266
269 271
271 271
272 272
272 272
275 275
277 277
278 280
282 283
284 287
287 287
288 290
290 291
292 295
295 295
296 296
297 299
299 302
303 303
304 304
305 305
306 307
307 308
310 310
314 316
316 317
317 318
318 318
320 320
