12 34
89 119
136 223
233 58
126 204
107 163
1 74
46 182
19 153
224 33
95 198
65 147
172 188
114 162
44 83
240 25
6 194
73 98
217 130
162 143
47 33
181 65
119 82
191 11
240 102
205 28
148 166
225 94
175 240
127 110
69 186
198 118
208 4
33 50
81 120
164 102
223 154
1 142
15 62
182 232
95 77
130 29
218 13
46 111
160 170
196 151
60 93
139 123
1 57
156 185
205 7
74 234
23 118
213 224
7 182
41 160
172 206
164 57
222 77
108 182
155 162
240 3
21 202
227 59
94 79
129 161
189 142
213 234
3 14
97 24
115 153
79 137
168 240
13 160
184 204
19 102
1 52
136 15
70 213
150 189
240 1
161 110
55 80
129 174
201 20
137 220
170 116
158 194
37 85
18 55
205 182
219 1
231 149
240 161
131 174
44 215
77 112
240 25
158 211
224 124
142 181
1 62
94 135
157 198
108 240
81 52
170 190
119 234
135 154
240 106
23 1
55 91
80 199
46 162
145 15
239 68
82 161
170 213
34 89
156 20
124 80
107 162
222 57
7 184
129 147
166 207
80 27
116 233
240 48
64 195
157 107
16 81
90 143
218 35
126 182
207 5
76 161
229 240
101 58
122 138
160 174
197 87
13 66
236 2
146 204
225 161
173 134
191 21
56 80
118 156
235 93
6 37
76 175
208 219
135 235
56 109
211 88
147 160
190 235
1 139
176 60
221 81
48 168
8 193
131 240
70 112
156 163
17 99
39 81
126 145
207 1
62 240
1 134
176 50
113 196
229 161
211 92
77 12
39 146
180 126
160 105
210 240
18 64
88 234
220 118
51 76
147 161
240 5
176 34
133 62
88 162
240 221
45 194
22 240
4 80
160 175
115 103
94 121
131 147
198 1
1 1
1 1
1 1
2 4
4 6
6 8
8 9
9 10
10 10
12 12
12 14
15 16
16 17
17 18
18 18
21 22
22 23
23 24
26 26
27 28
29 29
30 30
31 32
33 33
34 35
37 38
39 40
41 41
41 42
44 45
45 45
46 46
47 51
51 51
51 52
53 53
54 55
55 56
58 58
59 61
62 62
64 64
65 65
65 67
67 67
69 70
70 70
72 74
75 75
76 76
77 77
77 78
80 80
80 81
81 82
82 82
83 84
87 87
88 91
91 92
92 92
93 93
93 93
94 95
96 98
98 98
99 101
101 102
102 104
105 105
106 107
107 107
110 112
113 113
114 115
116 117
117 117
121 121
121 122
122 122
123 123
125 127
127 127
127 130
131 132
133 134
135 135
135 137
138 140
140 140
141 141
142 142
143 143
146 148
149 150
150 152
152 152
155 155
158 158
160 160
160 161
161 161
161 161
161 162
162 163
164 165
166 168
168 169
169 169
170 172
173 173
174 175
175 176
177 179
181 181
182 182
183 183
186 189
189 190
191 191
192 193
193 193
194 195
196 197
198 199
199 201
202 202
202 202
204 205
206 207
208 209
210 210
210 210
212 212
213 215
217 217
217 217
218 221
222 222
222 223
223 224
225 226
229 229
230 230
230 230
232 234
235 235
237 237
237 237
237 237
238 240
240 241
241 241
241 243
243 244
244 245
246 246
248 248
250 252
253 257
258 258
259 260
260 261
262 263
263 264
265 265
270 271
271 272
272 272
272 272
273 274
275 277
278 278
280 280
280 280
281 281
282 285
287 288
288 288
290 290
291 291
292 293
293 294
295 297
298 299
300 301
301 301
303 303
304 307
308 309
309 309
311 312
312 314
315 316
316 316
316 317
318 320
320 320
320 320
