46 148
158 234
60 18
81 98
6 240
116 128
160 190
145 63
50 206
28 41
75 160
10 94
108 240
227 119
181 129
240 48
75 141
190 60
37 204
29 17
96 107
164 218
3 180
121 232
73 195
55 64
85 156
27 43
98 209
12 117
127 173
2 229
136 189
71 56
240 84
204 34
48 102
152 160
240 23
119 14
174 219
1 131
188 160
52 74
146 61
93 201
107 240
115 167
26 34
212 15
134 1
225 185
148 160
61 74
91 41
105 197
236 51
62 21
32 174
205 117
129 160
218 4
80 137
39 150
193 229
84 96
22 59
70 111
172 238
125 211
46 144
155 188
33 80
161 223
99 17
67 117
109 173
205 61
2 53
133 234
143 43
185 94
155 218
26 108
194 14
7 224
127 166
175 78
143 27
203 53
90 65
101 150
234 46
112 211
186 6
34 129
163 23
196 221
73 111
59 92
143 174
50 203
9 41
130 107
30 165
211 237
80 71
16 57
171 93
126 150
220 45
198 229
178 3
32 106
204 231
84 137
162 196
240 19
63 74
43 123
240 9
90 34
149 191
232 53
129 172
213 104
24 1
43 71
81 119
140 220
161 199
62 95
240 15
185 31
53 141
105 131
209 228
47 172
115 4
73 152
193 88
38 55
218 21
102 139
161 240
183 125
50 73
146 1
64 85
168 98
226 15
31 152
210 80
193 60
42 90
176 160
29 200
236 144
126 12
184 95
166 79
60 135
207 31
114 226
240 46
153 126
100 172
160 17
82 118
4 140
33 50
234 104
180 198
240 161
69 127
146 108
21 187
93 8
207 58
78 172
42 143
226 179
208 13
44 102
141 63
153 215
235 1
16 33
182 52
89 128
222 192
1 73
174 151
39 93
192 23
75 117
156 138
7 46
169 206
236 187
221 160
86 28
145 232
49 69
188 109
35 200
172 132
215 72
17 165
187 155
6 85
115 140
1 1
1 1
2 3
4 6
7 7
8 9
10 10
11 12
13 13
14 14
14 14
17 17
18 18
19 21
21 22
22 24
25 25
25 26
27 27
28 29
29 29
29 29
32 32
33 34
37 37
38 38
39 40
41 41
41 41
44 44
44 44
45 45
49 49
50 51
51 52
52 53
53 53
54 55
56 57
57 58
59 59
60 60
62 64
65 65
65 66
66 67
68 68
69 69
70 70
70 71
72 73
74 75
76 76
78 78
78 80
80 80
80 81
81 83
83 83
83 84
85 85
85 86
86 86
90 90
90 91
92 93
94 94
94 94
94 94
96 96
98 99
100 100
103 103
103 103
104 105
105 105
107 107
107 108
109 109
109 109
111 112
112 113
113 113
115 116
116 117
118 118
120 120
121 123
123 124
124 125
125 126
126 126
126 127
127 127
129 130
130 131
131 135
135 136
137 137
138 138
138 139
140 140
141 141
142 145
146 147
147 147
149 150
151 151
152 153
153 153
153 154
155 155
156 157
158 158
160 160
161 161
161 161
162 163
163 163
165 165
165 166
166 167
168 168
168 169
169 169
169 170
174 175
176 177
177 177
177 177
178 178
179 181
181 182
182 183
183 183
185 185
186 186
188 189
190 191
191 191
192 193
195 196
196 197
197 197
199 199
200 201
202 204
204 205
205 206
206 208
208 209
209 209
210 211
211 213
214 215
215 218
219 219
219 221
223 224
224 225
226 227
228 228
228 229
229 229
229 231
232 233
234 234
236 237
237 237
238 238
240 240
240 241
241 241
242 245
246 246
246 248
249 250
251 252
253 254
256 256
257 257
257 262
263 264
264 266
268 269
269 270
270 271
272 272
272 275
275 276
277 278
279 279
279 280
283 284
287 288
289 289
289 290
294 294
294 294
294 295
295 296
301 302
302 302
304 304
304 307
308 308
309 310
310 311
314 314
314 315
316 316
316 320
