99 113
166 124
13 135
160 186
233 147
52 80
240 64
195 102
41 169
211 33
20 126
186 224
6 68
78 59
90 201
237 103
160 48
31 122
133 180
215 16
7 76
143 234
195 89
61 107
39 52
159 210
167 124
28 137
181 19
195 153
225 5
80 98
57 67
91 113
122 174
208 39
31 141
219 20
156 192
6 80
97 112
68 171
232 57
47 204
124 136
181 37
26 144
213 226
157 9
45 91
103 119
200 66
180 133
28 236
162 53
152 219
88 196
107 240
1 39
170 118
125 161
80 24
69 142
181 230
14 60
212 152
84 103
50 164
8 193
117 240
33 202
225 136
22 174
14 87
152 184
231 99
110 62
74 35
54 122
159 3
211 138
194 218
42 172
240 14
121 31
69 83
102 153
203 2
59 50
140 228
117 211
17 38
174 191
10 80
91 67
218 103
136 24
159 53
179 117
186 206
41 226
147 94
235 12
83 161
170 72
133 211
27 100
52 4
139 158
237 43
62 114
180 198
219 128
236 33
79 91
149 185
52 70
104 167
10 179
204 215
160 61
114 149
224 140
191 235
40 24
56 123
81 179
213 5
159 96
232 198
14 47
110 146
63 169
30 132
222 188
58 81
152 72
198 92
207 240
174 105
122 157
11 40
24 220
68 169
197 228
97 213
51 180
164 83
149 39
203 132
102 229
238 5
187 171
87 22
69 119
140 40
209 55
157 106
227 175
237 124
3 90
144 27
110 59
14 40
182 200
234 157
131 164
77 149
218 113
99 161
29 189
2 17
65 199
174 208
84 146
163 110
49 76
156 235
33 226
180 208
4 51
21 87
144 165
70 183
193 215
235 9
24 40
58 94
131 175
153 193
222 78
233 10
45 97
179 88
165 146
192 29
80 158
121 141
66 205
52 161
170 236
14 189
220 125
90 146
34 1
54 73
177 188
234 111
201 41
135 77
215 4
86 144
185 23
118 157
169 222
100 63
142 233
47 184
153 86
11 29
68 126
167 210
1 1
1 2
3 4
4 5
5 6
7 7
7 8
8 9
10 11
12 13
14 14
15 15
17 18
18 19
19 20
20 21
22 23
24 24
24 26
26 28
30 30
30 30
31 32
33 33
35 35
35 35
36 37
40 40
40 41
43 44
44 45
45 45
46 46
46 47
48 49
50 51
52 52
53 54
55 56
57 58
58 58
59 59
59 60
61 61
62 63
63 64
65 65
65 68
69 70
70 70
71 72
72 74
74 75
76 76
77 78
78 80
81 81
82 82
83 83
83 84
84 84
85 87
87 87
87 87
89 89
89 90
91 91
92 92
93 93
94 94
96 97
97 98
99 99
101 101
101 101
102 103
103 104
104 105
105 105
105 106
106 109
109 110
111 111
111 113
114 116
116 116
116 116
116 119
119 120
120 121
122 123
124 126
126 126
127 128
128 130
130 131
131 132
132 133
133 136
137 137
138 138
139 140
140 141
141 141
141 142
143 143
144 144
145 147
147 147
147 148
148 148
150 151
154 155
155 156
156 156
156 156
157 158
158 158
160 161
161 161
162 163
163 163
163 164
164 164
165 166
169 169
171 171
171 172
172 173
173 176
177 177
177 177
178 180
181 181
183 184
185 185
185 186
186 187
188 188
189 190
191 191
192 193
195 195
196 196
196 196
197 197
198 200
202 204
204 205
205 206
208 208
208 209
209 210
211 212
212 212
212 216
216 217
217 218
218 219
219 221
222 223
224 226
226 227
228 228
228 228
229 230
231 231
232 232
232 234
237 237
238 238
241 242
242 242
243 243
244 244
244 245
246 246
246 246
247 247
251 253
254 254
255 255
257 257
259 261
261 261
261 263
263 263
265 265
266 268
269 269
269 270
271 273
274 274
274 275
276 278
278 279
279 279
280 280
283 283
286 286
286 286
287 287
288 290
293 293
294 295
296 296
296 296
296 299
300 301
302 303
303 304
304 304
305 307
307 307
309 309
310 311
313 313
314 314
316 317
320 320
320 320
320 320
