139 154
208 10
164 240
54 175
1 227
93 120
188 38
105 80
142 210
73 21
61 167
240 11
47 227
118 109
130 100
144 202
240 88
34 71
163 173
55 220
19 46
117 130
183 7
101 236
148 93
80 199
34 207
165 68
59 178
221 22
235 44
97 107
120 131
139 193
154 8
162 214
79 26
71 181
59 196
46 120
137 232
9 108
152 97
211 37
87 164
77 176
66 221
184 240
14 49
85 197
131 143
117 159
37 106
240 173
68 219
4 93
192 23
202 49
128 19
79 147
236 165
209 42
157 63
108 182
220 15
53 99
191 124
142 89
48 203
1 232
156 27
72 175
61 240
214 126
191 50
138 223
12 113
149 74
93 101
161 198
42 177
82 233
211 52
25 160
70 122
140 107
191 15
147 41
97 88
179 156
240 55
30 77
9 48
129 212
230 119
105 142
175 62
91 198
218 15
156 33
79 224
185 50
7 121
208 111
171 65
138 90
161 19
42 80
100 152
177 196
1 218
235 34
70 129
166 89
118 187
222 48
108 142
24 204
216 7
37 99
152 187
178 62
78 228
17 93
34 161
42 119
216 224
133 197
1 52
84 235
148 25
101 183
13 68
170 206
36 95
225 118
189 109
235 129
166 32
142 210
8 49
194 159
77 61
104 134
233 7
88 174
26 217
201 153
76 119
185 6
168 239
41 138
24 207
223 59
123 105
155 176
234 3
23 76
92 193
142 167
211 160
21 38
109 125
180 63
95 146
51 3
76 218
236 113
160 167
201 185
149 21
161 135
66 225
37 80
172 2
53 101
235 120
146 181
210 200
85 68
191 2
167 216
26 40
56 87
240 123
180 105
200 59
75 218
229 28
156 93
129 166
210 113
3 188
228 151
31 45
80 132
214 16
64 116
192 227
155 175
101 240
1 33
86 139
167 213
48 196
223 21
4 150
124 69
180 209
240 89
108 222
194 145
235 9
24 75
37 111
169 178
219 57
152 190
234 134
203 97
24 9
175 80
164 217
119 44
63 102
200 1
1 1
2 3
3 4
4 6
6 7
7 7
8 8
10 10
12 13
14 14
14 14
17 17
17 18
19 19
20 22
22 22
23 24
25 25
25 28
28 29
30 31
32 32
33 33
33 34
35 36
36 37
37 38
40 41
41 41
42 45
46 46
46 46
46 46
46 48
49 49
50 51
52 52
53 54
56 57
58 58
58 59
59 59
60 60
61 61
63 64
64 65
65 66
66 69
70 70
70 71
72 73
73 74
74 74
75 76
76 77
78 78
80 80
81 81
83 83
83 83
84 84
85 85
87 87
88 88
89 89
89 90
91 91
92 93
93 94
94 95
96 96
98 99
99 100
102 102
103 103
103 104
104 104
105 105
105 105
106 107
109 111
111 112
113 115
115 116
116 116
117 117
118 118
119 119
120 121
122 122
123 126
126 127
128 128
128 128
129 130
131 132
133 133
133 134
135 137
138 138
138 140
141 142
142 142
143 143
144 144
145 145
147 147
148 148
148 148
148 151
152 153
155 156
156 156
157 157
157 158
160 160
160 161
161 161
163 163
164 164
164 165
166 166
166 169
169 170
170 172
172 172
172 173
173 175
177 177
177 178
179 179
179 181
182 182
182 184
185 185
186 186
187 187
188 189
190 191
191 192
192 192
193 194
195 196
198 198
199 199
200 201
201 203
204 205
205 205
206 207
207 208
209 210
211 211
212 212
213 213
213 213
215 216
217 218
218 219
219 221
222 223
223 224
224 225
227 227
227 228
229 229
229 230
233 233
233 233
234 235
236 237
238 239
240 241
241 241
242 242
243 243
245 245
245 245
246 247
248 248
252 252
252 253
254 255
255 255
256 258
259 259
263 263
263 263
264 264
266 266
267 269
270 271
271 271
272 273
274 275
275 275
279 280
280 280
280 281
281 284
284 285
286 286
286 286
286 287
288 288
289 292
292 293
295 295
295 295
296 297
298 299
300 301
302 302
302 304
304 304
305 306
308 308
308 310
311 311
312 313
314 314
316 316
316 318
320 320
320 320
