1 36
95 158
171 187
202 237
59 147
87 137
24 127
215 80
116 227
47 13
235 240
39 135
64 99
181 2
167 194
210 86
156 240
223 230
20 54
144 73
178 10
129 197
216 91
156 207
34 232
240 9
149 65
161 139
192 97
2 49
206 21
76 123
225 111
176 36
132 163
188 199
62 124
150 7
143 212
91 28
227 240
133 47
102 16
171 210
76 120
190 158
240 196
65 89
148 138
8 229
33 106
47 206
2 126
60 80
99 179
21 169
39 155
162 192
223 112
140 81
240 12
28 66
221 83
129 1
200 235
46 170
57 99
160 221
23 187
1 115
140 35
69 92
131 201
226 150
8 31
84 215
121 166
179 139
228 237
157 191
99 75
149 202
235 1
21 58
227 112
128 38
143 210
16 67
85 92
169 162
182 222
8 3
51 73
102 197
31 134
151 233
13 218
64 118
227 47
86 145
167 196
34 80
237 158
179 6
191 82
99 20
128 173
209 237
111 153
42 183
138 198
30 59
15 76
208 20
126 168
218 234
57 1
160 187
92 74
26 108
173 212
155 196
205 224
83 118
147 164
183 233
33 55
64 127
142 148
155 165
39 216
23 184
200 208
236 72
89 175
9 159
80 228
114 195
51 101
127 222
215 163
232 81
20 37
197 71
240 225
3 116
184 87
158 103
52 110
150 227
169 221
35 71
117 134
161 239
14 214
50 80
90 106
113 25
137 200
171 189
154 228
31 64
10 114
75 108
240 24
204 143
177 186
214 1
51 161
197 235
6 128
180 38
210 65
111 163
201 22
239 221
147 81
132 95
186 68
39 52
204 125
81 115
171 198
143 160
226 8
135 153
80 92
128 145
220 239
1 22
121 191
202 70
156 214
104 39
197 235
53 142
179 9
127 221
192 164
108 147
92 25
42 204
237 150
132 220
170 196
9 78
115 211
151 236
62 174
45 99
165 218
28 198
120 142
150 85
189 14
68 163
204 240
105 127
186 1
89 51
215 151
230 36
161 171
56 133
74 113
7 97
139 177
203 229
72 44
119 164
240 84
188 151
218 1
1 1
2 2
2 3
3 4
4 5
5 6
7 7
8 8
8 9
11 11
11 13
13 14
14 14
16 16
16 16
17 17
18 19
21 22
22 22
24 24
25 26
26 27
28 28
29 30
31 31
32 32
33 33
35 35
36 38
38 38
40 40
40 41
42 44
46 47
47 47
47 48
48 48
49 49
49 50
51 52
53 55
56 56
58 58
58 59
59 59
60 60
61 62
62 62
63 64
64 65
66 67
67 68
69 70
70 70
70 71
72 73
73 73
74 74
75 76
77 77
78 80
80 80
81 81
82 82
82 84
84 85
85 85
85 86
86 87
87 87
91 91
91 91
91 91
92 98
98 98
98 99
99 99
100 100
101 102
102 103
104 106
106 106
107 107
107 107
109 109
111 112
112 113
113 114
114 114
116 116
116 118
119 119
120 120
120 121
121 121
121 123
124 125
125 125
126 126
128 128
128 129
129 129
130 131
133 134
135 135
136 136
136 136
137 138
139 140
140 141
142 143
143 145
145 145
146 148
148 148
148 150
151 151
151 152
153 154
155 155
155 156
156 156
156 158
158 158
158 158
158 160
160 160
160 161
161 161
161 162
162 163
163 163
164 164
165 165
166 167
167 168
168 170
170 172
172 172
174 175
176 176
177 178
178 178
179 179
180 182
182 182
184 184
185 186
186 186
187 188
188 189
190 190
190 190
191 193
194 195
196 197
197 197
198 198
198 199
199 202
202 203
203 204
205 206
206 206
208 208
209 209
210 211
212 213
214 215
215 218
218 218
221 221
222 222
223 223
224 224
226 227
229 229
230 230
231 234
234 235
236 237
237 237
237 238
238 238
240 240
240 241
241 241
241 242
242 243
243 244
244 244
245 247
247 251
252 252
252 254
254 254
256 258
258 261
262 263
263 264
265 265
265 267
268 270
270 271
271 273
273 274
274 275
275 277
279 281
281 281
282 283
283 284
285 285
286 286
287 291
291 292
292 294
294 296
298 298
299 299
300 300
301 301
301 302
304 305
305 310
310 310
310 311
312 315
316 316
316 317
318 318
320 320
