1 59
113 140
147 169
181 200
75 81
156 230
97 191
19 132
216 50
161 80
122 175
225 162
33 237
6 61
106 94
208 159
225 21
116 146
171 183
126 134
46 196
75 232
13 211
31 85
154 193
1 60
103 173
141 162
224 49
73 131
121 18
212 89
31 109
44 64
81 162
152 6
24 138
175 95
207 124
231 50
188 14
67 112
219 82
154 31
42 143
162 133
170 204
9 98
123 76
114 20
54 184
210 133
228 2
34 16
68 104
150 122
162 199
211 140
221 174
82 29
59 194
166 237
1 8
43 72
85 133
160 185
210 219
95 111
172 23
126 52
152 193
236 3
69 76
165 230
205 36
86 117
134 180
17 216
161 1
101 49
202 33
70 211
238 128
179 150
141 221
20 161
67 175
45 83
192 209
111 157
227 95
137 237
28 167
80 122
207 44
181 17
191 62
3 161
110 152
235 202
218 43
170 77
60 179
15 93
157 139
189 208
240 42
112 127
200 227
12 27
175 58
159 192
75 237
143 213
99 179
131 87
112 40
200 80
147 235
218 182
27 58
11 102
169 161
49 74
96 111
195 212
90 136
41 97
128 197
233 80
155 180
208 215
1 120
59 104
146 26
226 236
201 41
78 94
123 186
2 17
157 176
141 215
235 26
54 65
81 96
113 2
191 164
173 16
131 202
231 149
43 224
185 83
118 168
1 161
199 31
56 102
152 237
191 228
16 210
138 73
123 175
87 240
60 232
80 33
45 194
161 107
217 126
145 4
18 113
182 64
147 77
205 97
188 227
34 134
171 49
63 5
80 119
213 157
184 102
141 86
197 239
77 97
230 22
38 81
143 211
134 174
190 127
155 164
74 110
205 6
146 230
58 160
168 95
42 192
213 240
116 25
138 184
81 12
158 199
66 240
102 123
181 80
87 210
1 48
147 227
35 167
160 240
55 130
110 73
80 136
173 199
240 5
95 225
161 43
117 239
185 83
148 215
28 65
102 12
45 160
136 196
124 240
51 90
230 180
1 74
208 80
31 166
120 139
153 130
14 59
79 220
1 1
1 1
1 1
1 2
3 3
3 3
4 4
5 6
6 7
7 9
9 9
9 11
12 12
14 14
14 16
16 18
20 21
21 21
21 21
22 22
23 23
24 25
26 27
30 30
32 32
33 33
33 33
34 34
35 36
36 36
37 39
39 40
41 43
44 44
44 44
45 46
47 47
48 49
49 50
51 53
54 55
55 55
57 58
58 59
59 59
59 60
60 60
61 61
61 64
64 65
65 65
65 66
66 67
69 72
72 72
72 73
73 73
74 75
75 76
77 78
78 78
80 80
81 81
81 81
81 81
81 81
81 81
82 82
83 85
86 87
87 87
87 88
88 88
90 90
91 93
94 94
94 94
95 95
96 97
98 99
99 100
100 100
100 101
101 102
103 103
104 104
108 108
109 109
109 109
110 110
110 111
112 112
114 114
115 115
115 116
116 117
118 119
120 120
121 121
121 122
122 124
125 126
127 128
129 129
129 130
130 130
130 133
133 135
136 136
137 137
137 139
139 139
140 140
141 142
144 144
145 146
146 147
149 150
150 150
151 152
153 153
154 155
156 157
158 158
158 158
158 158
160 160
161 161
161 161
161 162
162 162
162 162
163 163
164 164
164 165
165 165
168 170
171 172
172 172
173 173
173 173
176 176
177 178
178 180
180 180
180 181
181 183
183 184
184 185
186 188
189 189
190 191
192 192
194 195
195 196
197 197
197 197
198 198
200 201
202 204
204 204
205 205
207 207
209 210
210 210
211 212
213 214
215 216
219 219
219 220
221 222
222 226
226 227
228 229
229 230
231 233
233 233
233 236
236 238
238 240
240 240
241 241
241 242
242 242
243 243
244 244
245 246
246 246
249 249
249 250
250 250
253 254
254 257
258 258
258 258
259 260
261 261
262 264
266 267
268 269
270 270
271 272
274 274
275 275
275 276
277 277
278 278
279 280
281 282
282 286
286 286
286 287
287 287
291 292
292 294
295 296
296 296
298 298
300 301
301 301
304 304
305 305
307 307
307 308
309 310
311 312
313 313
314 316
317 318
320 320
320 320
