77 97
119 129
173 187
215 236
15 227
34 88
158 196
4 62
106 144
177 80
228 51
76 134
124 20
216 92
34 81
231 112
46 67
85 166
8 141
155 26
178 98
210 127
235 1
52 191
16 69
116 222
85 137
33 44
147 157
208 11
101 126
174 78
22 56
117 187
136 213
232 2
37 71
107 18
153 166
202 125
214 85
144 178
224 62
75 135
240 45
188 10
98 114
214 26
129 54
162 196
5 71
79 155
168 210
233 38
83 89
120 137
161 183
19 220
3 104
205 35
55 73
80 131
171 215
153 182
18 144
224 23
165 236
203 219
178 48
70 86
114 159
195 230
10 212
97 140
240 1
31 125
161 170
184 209
47 19
64 195
5 213
10 113
155 164
238 206
222 45
173 80
62 16
160 183
200 96
142 191
211 44
151 114
129 236
203 29
230 14
188 195
60 77
162 172
146 240
207 216
1 102
132 182
89 115
175 42
150 202
161 221
238 185
28 60
214 13
104 172
77 92
138 43
182 217
157 210
106 122
27 61
229 203
8 43
224 80
96 126
189 159
179 2
19 143
217 56
237 28
67 115
81 98
106 230
4 61
174 193
124 133
166 19
35 108
176 140
159 204
213 233
151 45
127 188
226 85
120 170
161 2
34 59
104 154
193 231
18 140
212 76
125 177
89 151
63 234
47 196
35 164
109 129
219 147
6 115
184 20
66 150
80 161
207 160
99 191
229 36
137 173
51 65
81 122
215 7
160 143
105 88
198 239
1 40
24 145
128 160
166 192
76 112
148 207
231 8
61 170
97 214
44 194
240 118
163 27
140 84
51 78
150 170
188 212
14 161
237 200
69 104
125 183
89 149
212 227
51 1
169 22
37 57
132 112
75 240
97 138
175 201
81 226
7 163
119 45
240 186
85 150
215 67
160 30
104 14
125 138
198 1
240 53
92 181
231 76
210 168
33 192
155 132
81 221
15 62
100 116
162 20
204 233
45 1
187 68
144 161
172 130
160 107
216 95
240 7
31 161
79 64
179 190
231 1
1 1
1 1
1 1
1 2
3 6
6 8
8 9
9 9
10 10
11 11
12 12
12 13
15 15
16 17
17 18
19 20
20 20
20 22
22 22
24 24
25 25
26 27
29 29
30 31
31 31
33 34
34 35
35 35
35 36
37 37
37 37
40 41
41 41
41 42
42 42
45 45
48 48
49 49
49 49
50 50
52 52
52 52
54 54
56 56
57 57
58 58
58 58
62 62
63 63
63 64
64 64
64 66
67 67
69 69
70 70
70 70
70 71
72 74
75 75
76 77
77 77
77 77
77 78
78 80
80 80
81 81
82 83
83 84
85 85
85 86
86 86
86 87
87 88
89 89
91 91
91 91
91 92
92 93
94 95
96 97
97 98
98 98
98 98
99 99
101 101
103 104
105 105
105 105
106 106
106 107
109 109
110 111
111 112
113 113
114 115
115 116
116 116
116 117
117 118
118 120
120 121
121 122
122 123
124 126
126 128
128 128
129 130
130 130
131 132
133 135
135 136
137 138
138 139
139 140
140 141
141 142
144 146
147 147
148 148
148 149
150 150
151 151
152 153
154 154
155 156
156 157
157 157
157 158
158 158
158 160
160 160
161 161
161 161
162 162
162 162
163 165
166 166
166 166
167 169
169 170
172 173
173 173
173 174
175 177
178 178
180 180
181 182
182 183
184 186
186 188
188 189
190 190
191 194
195 195
197 197
198 199
199 199
202 203
203 204
205 205
205 207
208 209
210 210
211 213
214 215
216 217
217 219
219 220
220 222
223 223
223 226
226 226
226 227
228 230
231 234
234 235
235 235
236 236
238 238
240 241
241 241
241 241
241 242
243 243
244 245
247 247
249 251
252 252
252 253
254 254
255 256
256 257
258 259
263 264
264 264
264 265
265 266
269 270
271 271
272 273
273 273
276 276
277 277
280 282
282 282
283 283
285 285
285 285
288 289
290 293
293 296
297 298
298 299
299 299
300 303
304 305
305 306
307 307
308 308
309 310
312 312
313 315
316 316
317 317
317 319
320 320
320 320
