13 31
63 74
113 146
192 240
80 165
91 206
32 48
214 6
18 105
66 146
186 227
80 123
157 34
200 18
56 169
3 103
142 71
220 30
86 188
122 228
48 156
195 137
170 11
208 26
239 113
40 80
182 148
60 125
15 99
165 202
28 73
109 232
41 144
53 121
189 69
2 13
27 161
86 44
240 80
108 172
205 65
90 121
184 226
16 213
27 157
193 230
43 81
93 129
148 59
213 73
106 134
173 186
197 13
161 205
240 3
29 116
149 223
38 46
54 92
215 191
133 107
161 66
4 18
236 80
228 36
147 177
123 52
99 212
186 67
240 234
5 17
80 29
195 140
116 39
47 98
127 222
80 151
186 161
13 30
69 92
110 1
141 196
234 79
224 176
22 34
61 128
218 46
206 232
81 91
162 115
142 5
189 14
58 161
28 124
173 83
229 66
106 169
43 160
140 236
74 203
4 13
22 183
100 122
152 220
89 40
107 236
81 164
48 1
96 201
9 134
157 192
212 230
19 79
29 59
91 235
41 178
66 146
160 104
123 198
136 207
213 55
93 6
77 23
135 186
196 230
102 45
170 214
65 150
81 110
9 227
51 193
22 205
222 77
97 240
33 161
179 122
173 62
86 1
201 108
131 141
212 221
16 47
26 157
165 173
79 36
100 212
202 227
146 156
170 6
87 50
120 232
107 130
192 29
177 146
154 40
81 212
166 8
91 114
1 16
50 62
153 185
203 23
228 173
1 100
122 61
223 38
147 74
88 164
177 187
3 14
107 235
204 27
49 154
62 136
199 222
72 80
6 24
45 147
171 92
216 37
59 103
122 69
11 81
182 53
152 33
161 169
197 130
67 123
177 87
112 216
225 50
149 5
201 166
240 21
72 135
232 199
9 208
57 86
96 139
217 25
43 188
156 172
117 14
54 72
127 182
199 91
112 144
48 161
169 15
194 210
227 60
132 51
99 71
118 151
181 167
216 94
138 23
201 233
53 67
170 123
208 88
1 10
63 160
1 1
1 1
1 1
1 3
4 5
6 9
11 11
11 12
12 12
13 13
13 15
17 18
18 20
20 23
23 23
25 25
26 28
30 31
31 31
32 32
33 33
34 38
38 39
39 40
40 41
42 42
42 44
47 47
49 49
49 50
51 52
52 52
53 54
56 56
58 59
61 61
62 62
63 64
64 66
66 66
66 68
68 68
70 71
72 72
73 73
74 74
75 75
75 75
77 78
78 81
81 81
81 81
81 82
82 82
82 83
84 84
85 85
86 87
88 88
88 89
91 92
92 93
95 95
95 96
96 97
98 98
99 100
100 100
102 105
105 106
107 107
107 108
108 109
110 111
112 113
113 113
114 114
116 117
118 118
119 120
120 121
121 122
122 125
125 126
127 127
127 128
129 130
130 130
131 131
131 133
133 134
134 136
137 137
138 138
138 139
139 141
141 141
142 143
144 144
145 146
147 147
148 148
149 149
149 150
152 153
153 154
155 155
156 157
157 157
158 158
158 158
158 158
159 159
160 160
161 161
163 163
164 164
164 165
165 165
166 166
167 168
168 170
170 171
172 172
172 173
174 175
175 175
176 176
179 179
180 180
181 182
183 183
183 184
184 184
186 187
187 188
188 189
189 190
190 191
191 191
191 191
192 193
196 197
197 197
198 199
200 200
201 201
203 203
203 204
205 207
207 207
209 209
209 210
210 211
211 214
214 214
216 217
217 218
219 219
221 221
221 221
221 222
223 226
228 228
228 229
229 230
231 232
232 234
234 234
235 235
235 235
237 240
240 240
241 241
241 241
242 242
244 244
244 244
244 245
245 246
246 246
246 249
251 251
251 252
252 253
254 254
254 257
258 258
258 259
259 260
260 261
262 263
263 265
266 268
268 268
270 271
273 273
274 275
276 276
276 277
278 279
282 282
283 285
285 285
285 285
285 288
289 289
291 291
292 295
296 296
296 298
298 300
301 302
304 304
304 305
308 309
310 311
311 311
312 312
313 314
314 316
317 320
320 320
