66 128
172 192
160 204
86 220
22 40
80 54
12 136
1 67
161 148
187 236
28 39
54 16
71 211
186 1
149 93
118 196
43 226
19 54
5 71
122 157
207 87
234 135
101 215
41 185
29 57
145 197
11 66
74 121
3 82
174 225
136 94
46 110
187 213
19 31
64 235
161 152
9 80
128 200
95 32
109 45
56 209
24 230
145 180
4 67
75 161
118 127
166 215
57 40
98 82
121 12
27 131
186 178
36 137
198 1
108 160
49 89
62 81
74 216
120 198
31 240
11 20
186 40
86 2
55 161
225 151
94 71
133 101
196 83
29 39
165 234
18 48
7 126
158 81
180 67
96 133
198 144
165 222
75 203
121 26
34 44
84 104
236 54
171 15
152 185
6 161
231 66
92 126
146 211
79 117
161 29
101 179
197 40
47 60
216 235
12 126
224 3
69 81
229 89
157 33
75 133
170 204
161 189
220 230
46 4
100 120
57 236
86 210
108 143
222 25
129 40
71 177
197 10
152 161
51 65
217 237
81 101
60 70
92 110
165 143
1 77
122 175
190 206
230 156
109 33
151 94
165 219
20 74
85 141
1 128
231 54
9 150
104 172
65 166
203 89
113 25
35 156
1 81
135 232
43 225
74 49
193 201
1 171
161 21
113 39
191 98
142 64
86 231
129 179
15 152
165 32
42 81
205 129
10 223
147 54
74 233
96 219
116 167
55 85
161 65
137 25
94 128
153 41
104 203
172 211
81 217
57 190
127 160
66 94
237 112
144 86
78 36
223 123
180 209
22 235
135 167
52 100
152 196
76 216
222 80
42 185
192 231
146 240
87 113
28 132
225 10
56 97
123 210
73 108
165 158
174 46
143 206
222 12
85 129
233 114
31 64
186 193
79 48
133 178
219 1
90 143
167 212
230 101
154 192
111 207
18 74
123 140
97 165
228 55
6 85
237 151
43 120
94 186
130 164
60 103
194 228
236 77
202 211
24 88
54 178
117 223
134 48
72 99
164 209
220 28
187 131
160 169
199 231
93 114
56 143
214 80
124 154
235 32
1 166
1 1
1 1
2 4
5 6
7 7
7 8
9 9
10 10
12 13
13 16
19 19
20 21
21 21
22 24
24 25
25 27
29 30
31 31
32 32
32 32
33 35
36 37
38 38
40 40
41 41
41 41
42 43
44 44
45 45
47 47
49 50
52 52
52 52
53 53
54 54
55 56
57 57
57 59
62 64
64 65
65 65
66 66
67 67
68 68
68 68
70 70
71 72
75 76
76 77
77 78
78 78
78 80
81 81
81 82
82 82
84 84
85 85
87 87
88 90
92 92
93 93
93 94
94 95
95 96
96 97
98 99
99 102
102 104
105 105
105 105
106 106
107 107
107 108
108 111
111 111
111 112
112 112
113 113
115 116
116 117
117 117
117 118
118 119
119 119
120 120
120 121
122 125
125 125
126 127
127 129
129 129
129 130
131 131
131 131
132 133
133 134
134 134
134 135
135 140
140 140
140 140
141 141
141 142
143 144
144 145
146 148
149 149
150 151
151 152
153 154
154 154
154 156
156 156
158 158
158 158
160 160
161 161
161 161
161 162
163 163
163 163
164 164
164 166
167 168
168 169
169 170
171 171
171 171
172 173
173 174
175 176
178 178
179 179
179 181
182 183
183 183
184 184
184 184
185 186
187 188
188 188
189 189
190 191
192 193
194 195
195 196
196 196
197 197
198 198
198 202
202 202
202 203
205 205
206 207
207 207
210 210
212 212
214 214
214 215
215 216
216 216
216 219
219 219
220 220
221 221
222 222
223 225
226 226
226 227
227 228
229 230
230 231
231 231
233 233
234 235
236 236
237 237
238 238
238 240
241 241
241 241
242 242
243 243
244 244
244 245
245 245
245 245
247 248
250 251
251 253
253 253
253 255
256 256
256 258
260 260
260 260
261 263
263 263
263 264
267 267
267 268
268 271
272 273
274 274
275 278
278 278
279 279
279 280
281 281
282 283
288 288
289 289
290 290
291 291
291 292
292 293
293 293
294 296
297 298
299 299
301 302
302 302
303 306
307 308
309 310
310 310
310 310
311 312
313 313
313 314
314 314
314 316
320 320
