9 30
64 125
80 240
160 187
224 151
205 98
48 81
112 1
59 215
124 161
233 203
29 101
181 194
171 156
213 139
227 51
146 208
22 62
164 95
121 174
190 34
159 236
107 136
45 83
203 213
14 172
229 161
186 30
98 126
154 213
81 231
133 162
59 112
221 1
31 81
92 123
72 172
195 7
152 1
108 228
58 206
35 70
142 83
237 168
18 192
161 132
107 147
222 88
58 235
27 71
204 16
42 117
182 108
155 172
147 33
94 105
128 138
80 46
164 180
235 205
154 222
148 11
59 197
81 107
189 26
120 179
69 214
46 147
99 8
208 234
86 164
61 111
135 20
157 190
36 222
237 77
178 214
53 6
124 189
167 200
22 153
35 81
132 104
71 92
219 169
200 54
3 44
139 177
189 230
25 66
161 48
81 111
150 214
123 240
35 229
81 180
200 17
140 1
46 123
236 164
227 94
112 187
211 149
171 22
61 76
165 196
232 15
29 92
158 220
178 1
54 75
85 104
114 32
43 194
218 15
24 61
146 72
93 128
138 209
3 161
235 85
111 194
12 155
174 216
28 20
135 74
54 45
94 8
122 105
189 205
29 140
178 229
153 161
54 109
77 84
169 185
130 145
61 97
15 115
154 218
3 229
91 182
29 48
165 135
161 1
15 146
179 236
36 71
81 57
122 1
103 209
88 142
159 69
167 196
179 29
153 50
116 130
210 6
81 26
165 240
37 92
224 144
188 198
15 56
153 171
64 117
209 184
1 92
98 127
134 229
32 167
221 18
41 71
81 153
63 198
207 146
236 4
126 166
184 194
97 113
16 127
136 142
177 212
221 36
50 115
2 69
76 89
192 240
14 56
103 163
26 174
118 126
56 237
81 143
188 220
12 72
152 161
96 230
106 200
35 42
220 62
210 53
21 77
85 144
122 6
31 130
161 171
93 101
111 182
200 231
156 240
68 20
37 141
219 196
4 46
92 153
236 107
190 139
175 227
207 1
66 127
52 161
10 19
45 222
182 204
114 140
235 64
124 160
71 150
196 7
23 40
89 104
59 136
154 173
212 224
193 80
1 1
1 1
2 3
4 4
4 6
6 7
8 8
8 9
12 12
13 13
13 14
15 15
15 16
17 19
20 21
21 22
24 24
25 25
25 26
26 26
27 28
28 29
32 32
33 33
34 34
36 36
36 38
38 39
40 42
42 43
44 44
45 45
47 47
47 48
50 50
52 52
53 53
54 55
56 57
57 58
59 61
62 62
62 63
65 66
67 67
68 70
71 71
71 72
73 73
74 74
75 76
76 76
76 78
78 78
80 81
81 81
81 81
82 83
83 83
83 84
85 85
86 87
87 88
89 89
89 90
90 90
91 91
95 95
96 97
97 97
98 99
100 101
101 102
102 102
103 104
105 106
106 106
108 109
109 109
110 110
114 114
115 115
115 116
117 117
117 118
119 120
121 121
121 121
121 125
127 127
127 128
128 128
129 130
131 132
133 133
135 135
135 136
136 139
139 139
139 140
140 142
143 143
144 145
146 149
150 151
151 151
153 154
154 154
154 154
156 157
157 157
157 158
158 161
161 161
161 162
162 162
162 163
163 163
164 164
165 166
166 167
168 168
169 169
169 170
172 173
174 175
176 177
177 178
178 179
179 179
180 180
180 181
182 182
184 184
185 185
185 186
189 189
190 190
191 191
191 191
192 193
194 194
195 195
195 198
199 200
200 200
200 200
201 201
201 203
203 205
205 205
206 207
208 209
209 209
210 211
212 213
214 214
214 216
216 217
217 217
218 219
219 220
220 222
223 223
223 223
224 225
225 227
228 228
228 228
228 228
229 229
230 232
232 233
233 233
234 234
234 235
236 238
238 238
238 238
240 240
241 241
241 241
241 244
244 245
245 245
246 246
246 246
246 246
247 247
248 248
250 250
252 252
253 253
255 255
255 255
256 257
257 257
259 260
261 262
263 263
265 266
266 267
268 268
268 268
269 270
271 271
271 271
272 272
272 273
273 275
276 277
278 279
279 279
279 280
282 282
282 282
282 283
284 287
287 288
290 291
292 293
294 294
295 297
297 297
299 300
302 302
302 303
303 303
304 305
305 308
309 310
310 311
312 312
313 314
316 316
317 319
