25 44
87 230
239 80
96 135
181 16
68 121
201 221
1 161
108 176
188 60
150 33
45 78
240 202
94 11
142 167
227 2
123 109
59 69
184 45
215 38
80 13
19 89
159 123
131 141
194 6
222 169
71 98
54 208
25 41
230 13
83 121
64 199
3 75
102 89
133 161
169 240
81 45
35 55
25 229
16 69
212 180
8 107
135 198
85 164
2 146
115 31
43 53
237 62
221 208
21 139
176 81
160 232
170 7
128 88
146 200
40 48
156 178
58 68
97 29
214 234
21 112
128 162
80 104
171 184
226 14
180 196
228 240
5 190
70 220
80 93
138 151
158 210
128 170
61 114
27 222
240 190
17 82
71 137
208 103
185 130
161 6
227 195
47 236
88 145
161 60
171 183
20 113
156 69
131 216
12 81
200 232
240 99
161 39
121 212
155 26
55 198
222 10
2 173
233 66
81 94
144 114
123 207
191 228
18 135
178 239
156 222
47 201
123 8
89 107
212 81
154 165
178 71
27 142
81 233
17 118
1 165
104 185
44 127
214 237
90 135
149 195
81 158
170 67
22 40
183 76
126 205
235 10
58 134
214 66
113 102
81 156
225 27
35 125
143 163
176 202
15 8
45 127
203 50
61 78
89 165
234 98
179 192
20 110
143 221
32 81
117 206
215 73
91 160
112 62
232 225
1 8
54 131
170 220
240 74
139 102
177 192
201 83
150 32
46 111
18 62
144 165
97 7
12 81
120 75
183 141
212 60
85 171
199 226
127 120
157 13
97 104
2 19
57 237
44 26
8 72
147 190
231 93
115 218
177 66
21 81
164 205
3 15
229 105
113 158
54 82
128 195
223 28
77 98
238 36
71 136
202 91
217 122
161 10
17 102
169 1
66 117
148 155
184 37
125 24
142 215
6 134
230 237
84 127
54 97
111 78
167 8
28 70
146 158
203 188
1 15
101 133
178 117
186 220
239 81
143 158
200 9
23 37
45 127
1 208
24 67
145 215
11 83
129 137
174 196
203 94
153 161
104 115
33 77
234 218
48 227
19 127
207 67
194 111
88 81
144 8
175 97
202 50
234 218
199 132
162 116
25 94
147 71
14 1
84 101
199 54
161 91
216 111
226 41
80 187
122 1
163 206
138 155
58 87
17 31
161 176
74 102
126 205
94 195
144 221
3 238
20 161
60 154
191 146
180 78
90 138
70 35
49 165
203 219
122 157
10 83
111 179
78 170
213 234
161 190
10 69
154 200
90 53
61 81
129 212
227 240
7 29
99 109
116 141
186 153
1 1
1 1
1 2
2 2
2 3
3 3
3 3
5 7
8 8
8 9
9 11
11 12
12 13
14 16
16 16
16 17
17 20
21 21
21 22
23 24
24 26
26 26
27 28
28 28
28 29
29 30
32 32
33 33
36 36
36 38
38 39
40 40
41 41
41 44
46 46
46 46
47 49
50 50
51 51
52 52
52 53
54 54
55 55
56 56
57 58
60 61
61 61
61 62
63 64
65 65
65 66
66 66
67 69
69 71
71 71
73 73
73 73
74 74
75 76
76 76
77 77
77 77
78 78
78 78
78 81
81 81
81 81
82 82
83 83
84 84
84 84
84 84
85 87
88 88
89 89
89 90
91 91
92 92
92 93
93 94
94 95
95 96
98 98
99 99
99 100
100 101
102 102
102 103
103 103
104 104
104 105
106 107
108 109
109 109
110 113
113 113
113 114
115 116
116 117
117 118
118 119
119 119
121 122
123 123
123 124
125 125
126 127
128 129
129 130
130 131
132 132
132 133
134 134
138 138
139 139
140 140
141 141
143 143
143 144
146 146
146 146
147 147
147 148
149 150
151 152
152 152
152 153
153 154
154 155
155 156
157 157
157 158
158 158
158 158
158 158
160 161
161 161
161 162
162 162
162 162
162 163
163 163
164 164
164 164
165 166
166 167
167 168
168 168
170 171
172 173
174 174
174 174
174 174
174 175
175 176
176 176
176 177
177 178
178 179
180 180
180 180
181 182
182 182
182 183
183 186
186 187
187 188
188 188
189 190
190 191
191 191
192 192
192 192
193 196
197 197
197 197
197 198
198 198
200 201
202 202
202 202
203 203
204 205
205 205
206 206
206 206
206 207
207 208
208 209
209 209
209 210
210 211
212 213
215 215
215 216
216 216
216 216
216 217
217 219
219 219
220 220
220 220
222 222
223 223
223 225
225 227
227 227
227 227
227 229
231 232
232 233
233 235
236 236
236 237
237 237
237 238
238 238
238 238
239 240
241 241
241 241
242 242
242 242
242 242
242 243
243 243
244 244
245 245
245 247
248 248
249 249
250 251
252 253
254 255
255 256
256 257
257 258
260 261
263 264
264 265
266 266
266 267
270 271
271 271
271 272
272 274
274 275
275 276
276 276
277 278
278 278
279 279
281 281
283 285
286 286
287 287
288 288
289 289
291 291
292 292
293 294
295 295
296 297
297 298
299 299
300 301
301 302
302 302
303 304
306 306
307 308
309 309
309 309
310 310
312 312
312 313
315 316
316 317
317 317
317 317
318 318
318 318
318 318
318 320
