8 71
80 87
96 159
174 196
215 1
59 41
103 135
150 112
225 237
31 201
190 125
166 14
77 215
50 62
94 240
111 183
159 40
28 200
1 126
10 229
87 63
76 140
161 55
99 107
209 31
36 236
149 158
175 185
23 222
13 82
89 128
71 237
152 161
43 58
1 214
31 140
81 93
227 21
107 14
151 161
2 63
227 53
73 43
87 197
237 214
34 126
154 26
181 103
164 12
133 236
49 61
71 199
224 80
2 193
217 157
38 187
99 206
146 234
215 25
164 107
195 57
66 76
11 86
115 229
2 47
130 146
187 200
38 98
123 212
1 133
166 196
224 78
207 22
86 111
175 146
158 62
186 132
79 235
205 44
161 221
5 34
100 154
199 89
120 189
240 209
23 64
106 161
185 177
77 197
130 229
12 36
148 214
28 87
102 116
137 224
56 170
158 211
233 1
41 71
26 18
186 82
179 220
97 109
158 15
130 190
239 10
81 33
160 169
62 213
137 229
5 22
103 113
122 222
167 177
190 85
161 200
41 155
240 94
131 163
31 14
196 37
85 117
138 56
210 223
67 73
102 147
160 179
80 114
35 45
204 52
10 193
2 88
131 138
214 22
70 222
78 124
145 1
92 113
165 231
38 135
153 172
185 197
46 26
18 55
71 87
124 137
211 100
174 187
240 1
61 109
30 152
200 228
42 127
160 83
213 221
101 168
122 237
225 4
16 63
140 83
91 111
184 199
157 40
55 25
119 70
172 14
127 83
89 189
148 216
67 204
230 177
134 25
103 163
63 81
49 32
13 78
98 153
195 234
221 121
182 216
26 68
209 231
109 55
162 198
226 81
39 240
140 205
95 126
12 172
4 70
151 40
120 158
187 26
78 8
145 217
136 232
87 130
56 100
114 240
9 30
72 148
204 81
160 190
2 16
103 134
179 119
165 221
1 45
82 143
10 37
128 202
210 115
129 216
84 161
197 204
95 104
138 154
176 33
77 19
48 227
128 237
66 111
7 81
144 175
190 97
202 50
234 218
131 161
24 115
147 70
12 83
100 198
53 90
39 226
120 186
236 136
154 206
1 56
80 85
15 30
175 72
125 203
92 109
193 2
18 80
219 237
58 160
168 75
145 179
32 46
163 202
217 120
98 81
109 168
177 212
232 188
8 67
152 199
87 50
58 77
127 114
139 224
237 4
27 106
164 184
210 150
1 1
1 1
1 1
1 1
1 2
2 3
3 3
3 4
4 4
5 6
8 9
9 11
11 11
13 13
13 14
15 15
16 18
19 20
21 21
22 22
23 24
24 24
24 26
26 27
27 28
28 28
29 29
29 30
31 31
33 33
33 34
35 35
36 36
38 38
39 39
40 40
42 43
43 44
45 46
47 48
51 51
51 52
52 53
53 53
53 54
55 55
55 56
56 57
58 61
61 62
63 63
63 63
63 64
65 65
65 66
67 67
68 68
69 69
70 71
71 72
73 74
74 75
76 76
76 76
77 77
77 78
78 78
80 80
80 80
81 81
81 81
82 83
83 84
84 84
84 85
85 87
87 88
89 89
90 91
91 91
92 92
92 92
93 94
94 94
94 96
97 99
99 99
99 100
101 101
102 102
103 103
104 104
105 105
108 108
109 109
111 111
112 112
112 114
114 114
115 116
116 117
117 117
118 118
118 119
119 122
122 123
123 125
125 125
127 127
128 128
130 130
130 130
130 130
132 132
132 134
134 134
135 135
137 139
139 139
140 141
141 142
142 142
142 143
143 143
144 144
146 146
146 146
148 148
149 149
149 150
151 151
152 152
152 152
152 153
153 154
155 155
155 157
157 157
157 157
158 158
158 158
158 158
159 160
161 161
161 161
161 161
161 162
162 162
162 163
163 163
164 164
164 164
165 166
166 167
167 167
168 169
171 171
173 174
174 174
174 175
176 176
176 176
177 178
178 179
179 180
180 181
182 183
183 184
186 186
188 188
188 189
190 191
191 191
192 192
194 196
197 197
197 197
197 197
198 199
200 201
202 202
203 204
205 206
206 206
206 207
208 208
209 209
210 211
212 215
216 216
216 217
217 217
217 218
218 219
219 219
220 220
222 222
223 223
223 225
226 226
226 227
227 228
228 229
230 231
231 233
233 235
236 236
237 237
237 237
238 238
238 238
240 241
241 241
242 242
242 242
243 243
243 243
243 244
244 248
248 248
249 249
251 253
255 255
255 256
256 257
257 258
260 261
264 264
265 265
265 267
269 271
271 271
272 274
275 275
276 276
277 279
279 279
280 280
280 280
282 284
285 287
288 288
289 289
289 291
292 292
292 292
294 294
294 297
297 297
300 300
302 302
302 303
304 306
306 309
309 309
309 310
311 312
312 313
315 316
316 316
316 317
317 317
317 318
318 318
318 318
318 320
