87 97
111 139
45 122
189 209
237 73
177 225
30 156
60 162
203 169
10 109
97 125
80 135
213 2
141 150
188 70
34 240
23 204
228 53
114 178
13 88
99 132
2 149
220 66
196 1
38 48
163 238
29 113
100 124
177 19
93 82
136 67
74 144
185 195
8 61
50 212
222 126
31 108
80 95
189 19
39 68
161 176
119 58
130 2
29 51
143 223
188 40
160 199
13 99
80 90
109 70
124 63
234 161
1 27
190 139
217 200
16 49
169 86
98 107
161 116
238 34
75 230
7 193
203 150
135 224
61 162
172 182
1 23
142 131
200 210
240 94
102 174
231 48
112 187
122 83
151 163
11 75
182 35
134 158
217 59
233 196
147 2
182 211
98 11
115 167
223 80
42 21
71 136
190 5
124 156
237 226
59 30
100 142
198 222
114 213
49 82
235 73
166 65
184 123
22 161
152 173
92 3
207 38
78 108
195 63
119 217
224 12
52 146
195 158
166 70
240 161
194 207
29 100
216 43
175 60
141 152
159 5
229 204
215 78
122 239
193 212
27 132
51 68
168 14
75 155
161 176
235 95
104 111
185 37
140 199
83 117
29 73
152 208
4 48
90 231
16 240
60 77
108 21
139 225
234 116
163 8
34 130
173 185
210 151
205 85
192 57
161 100
110 138
1 68
80 192
17 166
121 208
29 138
161 42
3 54
179 122
224 239
130 150
79 93
197 64
109 53
212 14
167 161
122 229
131 106
188 237
28 224
218 159
174 64
142 203
1 102
88 70
51 117
137 193
235 17
30 161
222 64
107 2
149 158
203 94
238 121
78 181
135 51
166 18
42 109
213 78
199 227
64 161
169 185
177 127
95 170
28 140
154 18
3 68
111 188
201 238
229 40
54 81
10 47
120 142
150 166
211 174
219 75
93 151
158 240
183 205
84 30
3 236
134 177
193 71
116 17
56 86
167 105
150 44
31 120
183 214
229 136
88 161
81 4
16 238
60 170
200 154
185 107
119 227
48 218
35 121
138 90
237 127
76 5
158 208
225 21
174 192
93 123
51 66
213 1
109 129
146 162
232 37
53 10
95 197
111 182
217 161
174 68
83 125
104 201
240 157
43 135
117 146
234 205
215 29
43 226
81 103
190 168
86 113
123 130
143 1
1 1
1 2
2 3
3 3
4 4
4 5
6 7
8 8
9 10
11 12
12 13
13 13
14 14
15 15
16 18
18 20
20 20
21 22
22 23
23 23
24 26
26 27
28 28
29 30
32 32
32 33
33 34
34 35
36 36
37 37
38 38
38 40
40 41
41 42
42 42
43 44
45 47
47 47
48 48
49 50
51 52
53 53
54 54
55 55
56 58
59 59
59 60
60 61
61 62
63 63
64 64
65 66
66 66
67 67
69 70
70 71
72 72
72 72
73 73
75 75
75 76
76 76
77 78
78 80
80 80
80 81
81 81
82 82
82 82
83 83
83 83
84 84
84 85
86 86
86 88
88 88
89 89
89 89
92 92
93 94
95 95
95 96
98 98
98 98
99 100
101 101
101 102
103 103
103 103
104 105
107 108
108 109
109 110
110 111
111 111
112 112
113 113
114 116
116 117
118 119
120 120
122 122
122 122
123 126
126 126
127 127
127 127
128 128
132 133
134 134
134 135
135 136
137 137
138 138
139 139
140 140
141 141
142 142
142 143
144 146
147 148
148 148
150 150
150 150
150 150
151 151
152 154
155 155
155 156
156 157
157 157
157 158
158 158
158 159
159 161
161 161
162 162
162 162
163 163
164 164
164 164
164 164
165 165
166 166
168 168
170 170
170 171
171 172
173 174
174 175
176 177
179 179
180 181
181 182
183 183
183 184
184 185
185 185
186 187
188 188
189 189
190 191
191 193
194 194
194 195
195 196
197 197
198 198
198 199
199 201
202 203
204 204
204 204
205 206
206 207
208 209
212 212
212 212
213 213
214 215
216 217
218 218
219 222
222 222
223 223
223 224
224 224
226 227
228 229
229 230
230 230
231 232
232 233
234 234
234 235
236 237
237 238
238 238
238 238
238 238
240 240
241 241
241 241
242 243
243 244
245 246
248 249
249 249
250 250
252 253
254 255
256 259
260 261
261 261
262 262
263 264
264 265
267 268
268 270
270 270
271 271
272 272
272 274
274 275
276 276
277 277
279 280
282 282
282 282
285 285
285 286
286 287
289 291
292 292
294 294
294 294
296 297
298 299
299 302
302 302
304 304
305 305
305 306
307 307
308 309
309 311
311 313
314 314
316 316
316 317
317 317
318 320
320 320
320 320
