240 240
78 138
240 80
240 160
13 240
130 5
210 160
221 76
122 173
184 1
191 112
204 218
53 106
210 160
136 117
240 181
51 138
153 161
114 180
191 130
80 238
154 149
110 29
173 191
182 69
94 130
18 41
59 85
213 14
33 171
161 75
145 181
231 95
134 189
128 201
240 27
213 2
118 82
64 105
160 151
183 80
56 240
11 117
7 175
225 89
109 189
1 156
65 45
81 126
1 60
193 82
160 61
105 82
157 240
142 212
186 75
161 22
147 220
59 70
86 166
188 9
72 176
160 240
158 118
70 54
93 36
73 55
21 160
240 154
63 105
1 22
109 87
240 78
28 240
80 119
193 5
145 168
205 2
12 14
15 25
28 37
42 43
53 56
61 65
68 68
70 71
72 74
75 78
80 80
80 81
81 81
85 86
89 90
92 98
102 103
104 105
106 109
116 117
117 118
129 131
133 136
137 138
139 141
142 144
144 146
147 147
150 150
151 153
154 154
154 154
157 157
157 158
159 159
160 160
161 161
162 165
167 168
170 171
173 175
177 179
181 185
186 188
191 191
191 192
192 195
197 197
199 200
204 206
207 210
212 212
215 218
220 221
221 224
229 229
230 234
236 237
238 240
240 240
241 241
241 242
242 249
250 251
252 257
258 258
260 261
269 273
283 284
286 289
290 291
292 301
308 309
311 316
316 316
317 317
318 320
