91 201
240 20
78 197
240 1
79 177
240 240
78 95
128 238
80 160
100 51
122 220
166 226
238 160
103 146
228 240
1 236
160 189
208 240
160 81
224 197
136 52
43 219
32 148
229 240
194 141
205 151
213 240
182 226
27 15
135 82
184 196
161 1
206 217
240 80
231 142
94 167
181 188
208 160
220 234
81 143
8 134
48 70
173 186
240 162
1 89
81 182
160 80
240 102
208 51
189 217
227 11
115 142
168 132
107 156
42 220
240 81
124 145
184 59
161 16
169 240
76 160
198 86
92 226
10 195
70 148
28 47
25 240
141 221
161 103
240 121
62 161
80 140
38 160
116 96
198 160
76 80
240 34
159 81
115 240
17 37
205 119
105 179
25 38
11 131
1 1
7 11
12 21
23 25
29 32
47 60
61 63
64 66
74 76
78 80
80 80
81 81
81 86
87 91
92 92
96 105
107 110
116 117
118 119
120 122
124 127
131 131
135 135
135 136
146 147
147 148
148 148
149 151
153 158
160 161
161 161
163 164
164 164
164 166
166 168
175 178
178 178
178 179
179 181
184 184
185 187
191 191
192 192
192 193
194 198
199 203
204 205
206 207
208 209
209 209
209 210
214 216
218 222
223 223
224 224
226 229
229 229
229 232
233 234
234 236
238 240
240 241
241 241
244 244
246 246
248 249
255 255
257 257
258 260
261 266
269 269
270 271
272 275
278 281
281 282
283 283
284 289
290 293
295 295
297 307
307 313
316 316
317 318
320 320
