160 160
80 96
159 240
80 240
184 112
80 191
240 205
161 231
240 41
160 196
140 156
12 169
179 73
222 1
157 183
240 106
177 228
186 240
198 150
161 168
182 90
240 31
192 115
218 149
95 160
183 240
38 198
31 118
132 139
161 94
171 240
18 184
12 38
112 239
11 122
135 160
97 205
146 164
174 217
227 56
81 193
49 130
61 203
155 31
81 136
164 173
228 240
7 52
113 77
195 1
25 101
68 213
17 128
59 171
117 240
34 78
229 12
102 49
88 166
187 1
223 240
42 81
102 126
1 160
59 209
240 96
120 76
143 183
52 239
208 32
112 1
160 234
48 179
133 70
93 49
144 76
197 129
173 240
135 160
48 240
147 160
80 130
154 182
104 194
2 14
17 24
24 25
31 37
47 53
56 58
58 63
64 72
72 73
73 73
74 78
80 80
80 81
81 84
86 87
95 96
97 101
103 103
105 111
112 114
118 120
120 122
122 126
126 127
129 130
133 133
136 137
140 141
141 143
144 145
146 147
148 149
153 155
155 155
156 156
157 157
158 158
160 160
160 160
160 161
161 164
165 168
173 173
174 175
175 175
176 176
178 178
181 181
181 182
185 186
186 186
188 191
193 193
195 195
196 197
198 198
198 201
202 206
207 209
213 214
214 215
218 219
221 221
222 225
226 226
230 231
231 232
232 232
237 237
240 241
241 242
242 242
245 245
247 248
253 254
257 259
259 260
263 265
273 276
278 286
289 309
316 316
316 316
318 318
