56 132
126 205
10 158
229 80
240 80
160 240
68 196
161 10
65 207
112 80
160 222
20 130
40 161
236 99
80 141
72 5
15 25
33 161
80 56
134 240
148 101
15 111
160 222
50 59
126 72
172 81
231 94
143 160
240 22
186 33
106 127
13 21
39 47
157 1
31 185
59 226
130 236
80 137
93 146
180 211
108 159
46 221
57 67
193 78
129 161
231 93
139 107
14 24
160 186
40 153
1 115
212 55
80 71
128 85
100 221
181 1
16 160
229 188
112 38
50 59
201 68
122 240
78 23
14 210
102 3
160 226
58 80
189 44
30 67
120 18
78 199
12 89
168 234
136 3
101 146
182 212
223 28
111 80
44 160
191 37
69 118
81 161
92 129
11 229
113 237
206 3
189 62
179 23
114 151
160 69
77 87
36 194
17 138
230 240
56 173
200 139
82 240
34 113
47 11
179 90
66 161
30 73
124 11
80 223
193 102
233 199
111 138
148 161
34 76
204 238
56 171
15 86
147 37
80 121
158 185
18 60
218 194
6 81
72 232
160 22
51 89
98 111
123 186
133 164
180 68
211 222
230 80
155 239
1 50
115 29
168 60
124 145
200 221
14 156
183 240
1 207
126 24
142 160
80 178
225 43
190 29
21 78
104 167
202 234
1 83
112 174
34 95
213 158
4 120
188 71
80 97
55 32
224 166
81 174
240 136
197 13
1 43
161 205
172 21
240 79
230 103
217 30
114 148
159 188
1 92
14 37
51 59
66 179
196 1
1 2
3 4
5 7
8 10
20 20
20 21
25 27
28 30
30 32
33 34
35 38
38 39
40 42
43 44
44 45
50 51
51 51
52 53
54 54
55 60
61 64
64 64
66 67
68 68
70 71
72 72
75 75
76 77
78 78
80 80
80 81
81 82
82 82
84 84
84 85
85 86
88 89
89 92
92 93
94 96
98 99
100 101
101 102
104 104
105 106
107 107
110 111
112 112
112 113
114 115
115 115
116 117
118 118
119 122
122 123
124 126
126 127
128 129
131 131
131 131
132 133
133 134
135 136
139 141
142 142
143 146
146 146
147 149
149 149
151 151
151 153
153 153
153 155
157 160
160 160
160 160
161 161
162 163
163 164
165 165
165 168
169 171
171 172
172 174
175 176
178 178
181 181
183 183
183 183
184 185
187 191
191 192
193 194
195 198
198 198
200 201
201 202
202 203
204 204
205 207
207 209
211 211
212 213
213 215
216 219
221 222
222 222
224 225
225 225
226 227
227 228
228 230
231 231
231 233
233 234
234 234
236 237
237 238
238 239
240 240
240 240
240 240
240 241
241 241
243 244
244 244
245 245
245 246
247 248
250 250
251 252
252 252
252 253
253 253
255 257
261 265
269 269
269 270
271 271
273 274
275 277
277 277
277 277
278 282
282 283
283 284
285 288
289 291
292 292
293 293
293 295
296 296
297 299
299 299
300 300
301 305
305 305
306 307
309 310
311 313
314 314
316 316
316 316
316 317
318 320
320 320
320 320
320 320
