40 69
78 87
127 198
55 27
157 13
240 91
111 77
127 165
61 32
44 16
21 160
7 70
240 55
89 41
161 176
26 13
133 160
213 236
83 99
151 43
57 240
31 185
210 17
100 123
217 1
81 162
153 36
240 194
209 19
48 7
81 118
145 157
240 69
36 110
131 185
114 234
13 21
80 60
131 141
153 46
116 192
215 102
240 89
32 81
225 236
146 164
17 63
174 120
186 201
132 220
104 3
50 80
34 162
185 149
20 194
204 212
123 56
45 113
234 10
103 73
153 160
61 183
91 137
192 27
120 225
77 234
15 45
240 111
181 171
99 160
144 37
5 57
188 195
86 124
174 221
161 205
23 1
164 231
107 72
14 138
95 65
182 56
168 203
216 31
84 152
160 108
227 76
222 236
25 46
139 71
99 131
185 194
169 65
120 208
156 142
222 12
237 81
56 100
131 161
170 184
6 75
191 28
154 47
120 68
204 215
143 224
232 181
189 240
18 108
42 134
82 167
154 34
123 13
97 53
75 193
207 220
142 240
29 181
174 229
6 69
165 85
110 1
25 154
64 102
81 124
204 197
18 240
37 58
228 140
170 78
97 54
161 116
29 92
12 134
1 80
179 218
25 46
67 132
152 198
206 239
88 224
128 231
2 42
62 171
240 22
105 190
85 143
161 101
123 209
161 18
199 233
51 81
122 240
217 12
80 45
95 222
60 141
180 28
75 59
107 44
182 240
26 203
222 75
183 165
108 232
7 55
89 132
25 161
153 6
90 233
44 72
212 56
134 193
171 240
107 156
3 88
202 225
68 20
1 82
1 1
1 1
1 1
4 9
9 11
11 12
12 13
13 16
18 19
19 22
23 23
24 25
25 28
28 31
31 32
35 38
38 38
38 38
40 40
40 46
46 46
47 47
49 50
50 51
52 53
53 53
54 56
58 59
61 62
62 64
65 65
65 65
66 67
68 68
68 69
70 74
77 78
78 80
80 80
80 81
81 83
84 85
85 86
87 88
88 88
91 91
93 93
93 94
94 94
96 96
97 98
98 100
101 105
105 106
107 107
107 107
108 109
112 112
112 113
114 115
117 117
118 118
120 121
121 122
124 124
125 126
128 128
128 129
129 130
131 131
133 134
137 137
137 138
139 139
139 139
140 140
142 143
143 143
145 146
149 149
150 151
154 156
156 156
156 158
158 158
158 160
160 161
161 161
163 163
163 164
166 166
167 168
169 170
170 171
172 174
174 176
176 178
180 180
180 180
180 182
183 183
183 184
186 187
187 189
189 189
190 190
191 192
192 193
194 194
195 195
196 197
200 201
202 203
203 204
204 205
205 205
206 206
207 207
208 208
210 210
211 212
213 215
216 217
218 219
220 220
221 222
223 223
224 224
225 226
226 227
228 231
231 232
233 233
234 234
237 238
238 240
241 241
241 241
241 241
241 241
242 243
245 245
246 246
246 247
247 248
248 248
251 251
251 252
256 256
258 259
261 261
262 262
264 265
266 268
269 270
270 270
272 272
274 276
276 278
278 279
279 282
283 285
285 286
286 287
289 289
290 291
292 292
293 294
296 298
299 299
300 301
301 302
302 303
304 304
306 306
307 307
307 308
313 314
317 317
