153 222
239 160
112 191
58 162
170 7
23 139
81 194
240 168
31 161
183 80
160 200
73 240
161 1
31 109
47 161
232 240
81 106
183 1
20 114
160 59
50 240
81 91
106 137
43 55
160 36
240 7
27 183
148 160
13 239
29 23
79 89
209 2
113 122
239 132
142 160
188 61
45 72
98 18
85 237
118 162
204 1
176 148
214 81
48 92
102 110
239 22
69 132
146 11
160 206
1 52
81 68
173 218
91 35
113 183
231 124
20 240
197 145
10 80
70 153
59 2
43 165
211 87
95 176
73 120
24 80
104 224
130 198
149 233
1 160
38 204
80 93
175 68
116 60
52 127
136 224
9 159
237 146
191 39
194 1
239 31
160 85
94 204
69 109
173 20
57 122
43 179
216 137
160 192
1 32
70 101
84 165
92 237
55 161
21 105
116 124
44 133
175 82
90 143
160 185
9 35
69 2
56 164
24 121
94 109
44 83
130 76
216 181
139 67
150 160
12 227
240 196
55 4
163 107
26 82
99 206
130 178
42 73
160 1
152 64
218 187
18 234
37 172
161 240
82 121
55 114
128 165
171 204
215 233
33 104
135 154
75 144
238 94
9 180
47 154
193 5
113 27
90 103
193 137
226 81
167 26
145 122
160 231
127 177
46 74
155 240
64 12
77 87
69 163
188 128
108 89
71 139
13 221
172 30
58 111
197 237
160 14
230 160
149 240
118 100
182 208
41 80
168 14
157 128
179 161
215 229
45 55
71 79
82 96
103 130
1 1
1 2
4 4
5 7
8 10
11 12
13 14
14 20
22 22
24 27
27 30
31 31
33 35
35 36
38 41
43 44
45 47
47 49
49 49
49 51
52 55
56 57
59 61
63 63
63 64
64 65
66 72
74 75
77 77
78 80
80 80
80 81
81 81
81 84
85 88
88 89
90 91
91 92
92 92
93 93
94 95
98 100
100 102
104 104
104 104
105 106
106 108
109 110
111 111
112 115
115 116
117 117
118 119
120 120
120 121
122 123
124 125
126 126
127 128
129 130
130 131
132 135
135 135
136 136
137 137
138 138
140 143
144 144
145 146
147 147
152 152
152 153
153 155
156 156
156 156
158 158
158 160
160 161
161 162
162 163
163 164
165 165
166 167
167 168
169 171
172 172
172 173
174 176
177 177
177 177
179 179
180 180
184 184
185 186
186 186
187 187
187 189
189 189
189 190
192 193
194 197
197 198
199 201
202 202
203 204
204 205
205 206
207 208
209 209
210 211
212 214
215 216
216 217
218 219
219 219
221 222
223 223
225 226
227 228
228 229
230 230
231 231
232 232
235 236
237 240
240 240
240 240
240 240
241 241
241 241
243 243
243 244
245 248
249 249
249 250
252 253
255 256
256 257
257 258
259 261
261 262
263 263
266 267
269 269
271 271
273 276
276 276
278 278
279 280
281 283
284 284
286 286
287 288
288 288
288 288
289 292
293 295
296 296
297 298
298 298
299 300
300 303
304 305
307 308
308 311
320 320
320 320
320 320
320 320
