5 171
183 206
230 83
240 108
38 54
71 137
147 190
18 156
128 49
217 116
171 108
61 43
79 184
96 58
136 148
4 157
234 87
124 50
16 112
168 240
82 173
103 183
236 144
134 93
155 197
24 121
163 52
1 15
84 116
65 172
106 10
76 38
142 100
129 153
182 189
217 120
202 85
238 208
95 48
62 135
156 3
111 125
78 167
231 92
179 208
223 63
73 58
104 186
84 143
236 152
134 212
126 23
100 53
163 195
81 173
5 117
218 203
63 95
113 240
183 80
144 1
18 34
153 224
129 75
210 163
190 108
121 71
10 26
89 230
161 42
104 141
216 131
179 201
56 117
70 87
123 152
24 159
236 3
184 222
101 118
166 85
68 190
226 113
155 132
177 83
214 51
99 149
161 230
196 64
110 131
184 10
35 167
152 240
21 203
118 130
171 223
96 5
155 190
240 80
207 19
29 133
112 93
78 60
211 1
229 15
30 112
164 94
155 28
144 184
216 201
42 80
96 130
240 148
13 61
77 173
25 134
119 192
222 100
62 180
80 6
140 128
104 227
22 208
160 1
189 134
232 81
35 214
22 172
147 94
115 197
238 80
153 125
6 137
159 1
183 226
43 134
81 167
112 190
47 143
212 80
93 239
9 119
28 152
178 219
12 39
81 108
117 212
132 12
240 160
80 189
220 80
150 70
101 1
1 1
1 1
2 2
3 4
7 8
8 8
8 9
9 10
11 11
14 14
16 17
18 19
21 22
23 24
24 25
26 26
27 27
29 31
31 31
31 33
33 35
36 38
39 40
41 41
43 44
44 44
45 46
47 47
47 49
49 52
54 54
55 55
57 57
57 57
57 57
61 61
62 62
65 67
68 68
70 70
71 71
71 72
73 74
75 76
76 77
80 80
81 81
81 82
83 83
84 85
86 87
88 88
89 89
89 91
92 93
93 94
96 98
98 98
98 99
100 100
101 101
101 102
102 105
106 106
107 108
110 111
112 113
114 114
114 117
119 119
119 119
120 120
120 122
123 124
124 124
124 125
126 126
127 127
128 129
130 132
134 135
136 138
139 139
140 142
143 143
144 144
145 146
146 147
150 150
152 153
154 154
155 156
156 157
157 160
161 161
161 163
164 165
166 166
167 167
168 171
171 172
175 176
177 177
178 180
181 181
181 181
182 182
186 187
187 187
190 191
191 192
193 194
195 196
198 198
199 201
201 202
202 204
205 206
206 207
209 209
211 212
212 213
213 216
218 220
221 223
224 225
225 229
229 231
233 233
234 234
236 236
238 240
240 243
244 245
246 247
247 253
253 254
254 255
256 257
260 260
260 261
261 263
263 263
266 271
273 274
275 282
284 292
303 304
310 311
311 313
316 316
317 317
