175 237
216 78
227 90
167 202
103 70
195 20
137 117
59 186
229 153
96 130
179 217
62 204
147 125
12 33
109 166
77 88
193 141
233 224
67 81
135 212
23 156
204 1
174 41
151 94
192 232
107 143
160 182
219 54
176 207
8 153
198 46
168 24
188 229
239 144
79 105
1 216
158 178
211 99
129 169
200 148
236 193
81 224
31 177
8 160
214 65
97 109
138 20
46 152
188 91
76 240
168 219
228 204
115 39
183 84
16 163
65 176
196 80
111 33
236 160
227 191
218 48
62 91
171 208
71 151
105 122
185 203
84 236
163 59
220 96
198 113
77 211
29 177
49 3
129 192
143 232
221 110
156 174
206 24
66 86
41 207
187 154
172 16
230 33
57 200
221 8
77 136
170 186
240 30
113 150
199 207
22 76
1 93
220 119
50 240
69 105
22 88
182 225
44 236
165 17
66 101
81 113
35 222
62 199
179 82
145 163
6 97
198 179
32 233
53 80
125 203
23 182
218 96
236 48
161 108
221 16
206 42
185 88
164 67
227 104
189 6
36 82
21 62
220 1
197 96
118 80
51 234
40 141
187 16
47 72
179 202
240 45
210 12
66 162
33 124
221 198
231 27
129 91
240 68
160 39
194 240
146 3
80 80
240 146
3 3
5 6
6 7
8 8
9 10
12 13
13 14
15 15
15 16
17 18
18 18
19 20
21 22
23 23
23 23
25 25
25 26
26 28
30 30
31 31
32 32
32 33
34 35
37 38
38 42
43 43
43 43
44 48
48 48
50 51
51 55
55 57
57 57
57 58
59 59
60 61
62 62
64 67
67 68
68 71
72 73
74 74
75 76
77 77
77 80
80 80
80 81
81 81
81 82
84 84
85 86
86 87
88 89
89 90
94 94
96 96
96 97
99 100
100 101
101 102
102 103
103 103
104 106
107 110
111 111
111 112
114 115
118 119
119 123
123 124
125 125
126 126
129 130
130 132
133 133
134 135
135 135
135 136
136 136
141 142
144 145
146 147
149 150
151 151
152 153
154 154
154 155
156 157
158 160
160 160
161 161
163 163
163 164
165 165
166 166
169 172
173 174
175 175
176 177
177 177
178 180
181 181
182 182
185 186
186 186
189 189
189 191
194 196
198 198
199 199
200 201
202 203
203 205
206 209
209 210
210 213
214 215
215 218
218 220
220 223
224 224
225 228
229 230
231 233
233 234
236 237
240 240
240 241
241 241
241 241
242 246
246 247
251 251
253 254
254 260
261 262
262 264
268 269
271 278
280 286
290 294
307 316
316 317
