4 166
79 138
149 222
179 127
35 66
85 199
240 109
160 26
150 100
136 40
78 216
179 7
129 225
72 1
160 186
193 87
120 200
65 150
112 137
213 234
81 44
60 100
219 77
126 166
176 186
157 240
3 227
145 200
70 90
137 108
30 86
236 125
214 177
220 165
43 78
116 153
186 229
141 197
7 110
202 131
87 238
211 50
121 163
172 184
40 79
225 150
191 113
144 92
200 35
134 235
104 52
216 24
36 95
169 128
158 182
210 80
112 149
231 2
74 236
27 88
123 163
104 138
153 184
85 52
195 21
119 232
207 240
1 99
80 132
214 171
47 180
161 1
240 28
127 153
190 223
80 107
143 199
1 231
42 73
88 121
58 139
21 171
211 180
100 156
238 190
218 33
134 14
50 96
147 114
66 129
166 46
80 157
206 228
3 93
24 111
143 178
186 211
125 143
192 91
109 79
24 166
175 217
36 89
137 15
157 107
73 203
122 240
174 86
225 30
56 157
210 42
193 1
230 25
118 160
197 3
181 102
170 233
1 50
166 135
158 19
116 81
100 34
157 117
189 177
169 210
62 227
119 140
154 173
81 98
45 199
157 142
218 25
122 238
101 205
4 164
41 81
126 152
235 19
81 161
187 34
107 214
132 158
56 240
41 80
197 10
170 115
138 223
177 80
144 1
183 61
208 157
81 192
216 66
167 240
47 114
141 175
203 1
225 99
157 57
130 164
240 139
240 80
240 98
16 151
188 38
1 1
2 3
3 3
4 5
6 9
9 9
10 11
12 14
14 16
16 17
17 17
18 19
20 20
21 22
22 22
22 24
24 25
26 26
27 28
28 28
30 31
31 32
33 34
34 34
34 35
36 36
37 38
39 39
41 41
42 43
46 46
46 47
47 49
49 50
52 52
52 52
52 54
56 56
57 57
58 59
60 60
61 63
65 65
65 67
68 68
68 69
69 70
72 73
74 76
77 77
78 80
80 81
81 81
81 82
82 82
82 85
86 86
86 88
90 90
91 91
91 94
95 95
95 95
97 98
98 99
99 100
102 102
104 104
105 105
106 108
109 109
110 111
111 112
112 112
113 113
114 114
116 117
120 120
121 121
121 121
122 122
124 124
124 126
129 129
130 131
132 133
133 134
134 135
135 137
140 142
142 144
144 144
144 144
145 145
146 146
146 148
150 151
153 153
155 156
157 158
160 160
160 160
161 161
162 163
163 164
165 165
166 166
168 171
171 172
174 175
176 177
178 179
179 182
184 184
184 186
187 188
188 189
190 190
191 193
193 195
196 197
197 199
202 203
203 206
208 208
210 211
212 212
213 216
217 217
219 220
221 222
223 224
225 225
226 226
227 229
230 230
232 232
233 234
237 237
237 240
240 240
241 241
242 244
247 248
248 249
250 252
252 253
255 256
256 258
262 264
264 266
268 270
272 273
274 275
278 278
279 281
281 283
284 286
287 288
292 292
293 297
301 310
313 317
318 318
318 320
