49 104
200 25
240 42
145 10
134 155
235 57
75 166
94 123
174 236
37 240
182 189
55 85
111 235
47 82
158 34
137 1
61 95
77 120
87 54
160 111
16 81
1 42
63 211
93 240
145 104
1 25
55 70
86 38
204 240
116 156
166 8
217 96
84 139
35 50
196 67
113 132
81 4
94 161
64 13
22 74
128 170
237 34
110 161
1 76
146 15
236 126
91 30
199 160
46 107
89 123
151 10
80 44
26 107
189 60
89 75
123 141
6 240
26 160
42 106
179 58
137 224
1 21
78 123
107 137
179 160
196 74
37 89
160 185
240 17
48 160
124 33
225 108
143 167
196 240
11 74
183 29
108 219
239 90
126 45
75 148
183 166
7 27
211 45
170 218
76 5
133 156
191 44
240 179
161 117
230 23
59 98
203 3
141 1
215 41
240 59
153 189
1 20
197 75
204 230
139 14
49 213
80 181
34 191
226 160
8 48
240 82
111 87
179 30
46 71
238 95
117 80
43 153
1 56
24 77
160 86
170 37
59 14
139 220
233 7
161 80
1 217
23 143
39 226
80 185
240 12
200 5
213 1
31 223
180 80
43 68
93 110
154 1
1 1
2 2
3 3
5 5
5 6
7 7
7 8
9 9
9 10
10 11
12 13
14 15
15 20
20 20
21 22
23 27
27 28
28 34
36 36
38 42
42 44
47 48
48 50
50 51
52 57
58 58
58 59
60 60
61 64
64 64
67 67
68 69
69 70
70 71
72 72
74 76
77 77
77 78
80 80
80 81
81 81
82 82
82 84
86 86
88 89
92 93
95 95
97 98
99 100
100 101
102 103
107 108
108 108
109 110
111 111
111 113
114 116
116 117
118 119
121 121
121 122
123 124
127 128
129 130
131 131
132 136
137 138
141 142
143 145
145 146
148 149
152 152
152 156
156 157
160 160
161 161
161 162
163 164
166 169
169 170
171 173
173 174
175 177
179 180
181 182
182 182
184 184
188 189
192 192
193 193
193 193
194 195
200 202
203 203
204 206
206 207
209 212
216 217
217 219
222 222
225 226
226 229
233 234
235 236
236 236
237 237
238 240
241 241
241 241
245 245
246 248
250 252
253 254
254 257
261 261
263 264
265 265
265 272
275 276
279 282
284 287
287 288
290 291
292 296
298 299
302 303
304 305
307 313
316 320
320 320
320 320
