49 167
178 60
101 160
26 80
233 11
42 161
71 111
122 193
102 51
39 206
5 95
172 22
69 151
87 211
1 34
49 19
180 114
125 65
83 163
190 101
135 31
16 189
45 80
94 152
209 61
115 196
43 77
105 91
126 135
163 60
13 42
142 28
76 221
238 93
206 190
58 11
89 132
30 177
48 42
59 75
198 237
89 182
26 110
130 201
148 161
40 238
109 191
221 136
160 74
227 39
23 58
141 211
92 117
161 235
146 198
8 58
130 40
168 76
219 24
240 97
41 133
115 158
208 7
161 118
228 24
81 166
44 104
139 61
214 195
84 126
7 46
64 112
238 89
160 220
151 177
32 203
81 161
6 228
128 239
100 135
187 6
75 165
21 81
211 105
143 238
84 61
218 150
175 7
24 126
158 94
204 230
136 32
56 105
78 171
213 144
192 238
115 39
63 81
155 223
161 200
47 97
2 167
21 55
103 210
238 4
32 81
114 189
200 226
96 130
176 15
104 140
240 3
160 215
28 75
223 86
121 159
194 165
236 201
128 109
11 217
1 142
186 223
42 157
238 165
70 105
172 205
123 217
94 3
34 226
149 80
236 157
74 98
127 240
151 224
80 25
174 13
3 240
200 44
80 103
160 146
178 10
155 185
1 2
3 4
4 6
8 8
8 9
10 15
16 16
17 17
19 20
21 21
22 22
22 24
24 26
27 28
29 29
30 31
31 33
33 34
34 37
37 38
38 39
41 44
45 45
47 50
50 52
52 52
53 53
55 57
57 57
60 61
62 63
63 64
64 64
64 65
70 71
72 73
75 75
77 78
80 81
81 81
81 81
83 84
85 85
85 86
87 88
90 92
93 94
94 96
98 100
102 104
106 106
106 106
107 107
108 109
112 114
115 115
115 116
116 118
118 122
122 124
126 126
127 129
129 130
131 132
132 134
136 136
137 138
138 139
139 141
142 143
146 146
146 146
146 148
148 148
150 150
153 154
156 157
158 158
160 160
161 163
163 164
164 165
167 167
167 168
169 169
172 173
173 175
175 176
177 182
182 183
183 187
190 191
192 192
193 193
194 195
196 196
198 200
200 201
202 203
204 204
206 206
207 208
209 212
212 212
216 217
217 217
218 218
223 225
227 230
230 232
232 233
233 234
234 234
235 236
240 241
241 242
242 245
245 246
250 251
252 254
256 257
258 258
260 262
264 265
267 267
268 268
270 274
275 278
279 279
280 281
283 284
286 291
294 298
299 299
301 302
302 303
304 305
306 308
309 314
317 318
318 320
320 320
