74 85
95 106
14 233
34 63
113 174
218 198
121 160
128 26
240 51
161 225
22 45
85 207
99 77
107 148
160 190
116 1
36 67
17 123
196 161
134 217
147 29
90 104
52 154
78 81
113 23
207 188
226 40
152 160
35 86
46 216
64 240
12 160
29 147
178 223
107 58
97 207
191 88
117 160
38 127
26 81
55 138
196 9
74 22
166 36
185 7
102 240
70 112
150 52
63 123
154 1
81 88
19 132
176 4
226 240
161 68
81 34
51 196
140 183
102 1
232 50
32 94
22 115
148 66
123 81
87 130
224 50
3 32
66 83
19 194
160 179
121 49
1 81
165 66
51 119
171 80
191 100
139 17
227 210
32 178
101 127
117 163
233 217
66 183
201 134
108 32
51 85
160 16
223 3
138 190
67 160
210 1
18 51
119 200
33 69
52 240
36 18
90 70
125 199
81 108
152 219
2 112
160 19
206 132
76 98
188 55
120 231
212 106
59 41
84 171
2 145
197 239
117 221
156 15
181 2
95 130
69 161
205 76
138 232
101 34
212 18
55 80
170 111
145 240
1 59
20 121
177 199
156 90
224 7
132 101
161 208
28 52
75 232
142 188
81 240
111 35
154 218
60 196
14 125
81 163
45 68
1 205
18 170
101 232
240 185
28 111
1 194
80 160
221 94
129 173
64 211
12 1
15 72
27 36
219 189
156 85
231 161
197 240
125 106
174 211
7 80
138 182
218 85
153 160
236 102
200 66
119 211
132 191
91 15
219 2
240 7
29 144
35 44
53 157
231 1
1 1
3 4
4 5
5 5
5 5
6 7
7 9
11 11
12 14
15 16
16 16
16 17
18 19
19 19
19 22
23 23
23 24
24 24
25 26
28 29
30 32
32 34
34 35
35 36
38 38
41 41
42 44
44 46
47 48
48 49
50 53
54 55
57 58
58 59
60 60
60 61
62 62
63 64
64 65
65 68
68 68
69 70
72 72
74 74
75 75
76 77
77 77
78 80
80 81
82 82
82 83
83 84
85 85
85 86
88 88
89 89
89 90
92 93
94 94
95 96
96 98
98 98
99 99
100 101
103 103
104 106
106 106
107 108
109 110
110 113
115 117
117 117
123 124
124 124
125 125
126 127
128 129
131 133
133 135
136 138
138 139
140 142
142 144
146 147
148 148
148 148
149 149
150 152
153 154
156 156
157 157
157 158
158 159
160 161
162 163
164 164
165 166
166 167
167 169
169 173
173 175
176 176
177 178
178 179
180 183
183 185
186 187
188 188
188 189
189 191
191 195
196 198
199 200
201 201
202 203
205 205
207 207
207 208
210 210
211 212
213 213
214 214
214 217
217 218
221 221
221 222
223 223
228 229
231 231
231 232
232 233
233 234
234 237
237 238
240 240
240 241
241 242
243 244
246 247
248 249
249 250
250 252
252 252
255 257
257 259
260 261
261 262
267 267
268 270
270 273
274 275
275 276
278 278
279 280
282 282
283 284
287 288
290 291
291 293
294 295
296 296
299 300
303 303
305 306
307 309
311 314
314 315
316 316
317 317
318 318
318 320
320 320
320 320
