128 14
26 17
87 150
63 7
221 95
158 80
174 139
70 58
97 101
23 157
80 167
138 70
32 116
198 99
59 3
160 216
150 137
233 125
44 15
160 113
196 88
184 240
219 5
129 1
173 27
117 161
182 48
203 80
18 38
240 72
97 182
165 153
128 219
81 238
57 6
27 80
160 179
196 1
140 93
71 240
118 21
134 220
109 85
38 236
63 181
101 151
209 123
46 77
144 94
116 61
220 10
138 110
172 179
194 205
234 2
25 57
88 129
158 87
1 144
20 83
228 115
65 160
1 32
14 202
80 211
189 78
125 91
25 229
9 76
170 102
186 43
145 163
218 23
75 104
144 160
239 41
118 183
220 161
102 4
145 180
220 160
240 93
218 74
87 180
80 240
18 215
134 150
239 80
160 235
21 207
192 160
160 233
22 100
1 73
96 122
34 4
2 15
24 29
29 32
34 36
37 39
44 47
47 50
53 56
56 58
59 60
62 62
63 69
70 70
72 74
75 76
76 77
78 80
80 81
84 85
87 88
88 91
91 91
92 93
95 100
101 102
102 102
102 103
104 108
109 110
111 113
113 114
115 116
117 117
119 122
123 124
127 127
130 130
130 132
132 133
134 134
135 136
136 138
139 140
141 141
144 144
145 145
146 148
151 151
151 152
152 153
153 154
156 159
160 160
160 160
160 161
161 161
161 161
161 166
168 169
171 174
175 176
178 179
180 180
185 185
186 189
193 194
194 197
198 200
201 201
202 208
211 212
212 212
214 217
218 218
218 218
220 221
222 225
225 227
228 229
229 232
232 234
234 236
240 241
241 241
242 244
248 252
253 253
254 258
260 262
263 263
273 278
285 297
298 302
310 316
316 316
317 318
