41 80
160 149
112 48
148 73
128 13
5 240
207 49
129 238
159 36
189 5
176 80
50 120
240 165
153 109
40 240
12 91
30 161
174 185
66 147
82 132
222 32
111 120
51 240
174 191
21 155
134 85
112 128
16 104
233 81
160 33
203 146
58 96
139 89
111 161
73 55
132 5
105 84
126 53
1 21
240 83
147 141
1 224
17 80
112 46
156 62
30 200
240 76
90 208
11 27
155 76
42 166
11 89
107 227
122 161
7 118
143 184
160 216
42 103
143 160
238 1
22 74
117 219
41 183
202 161
101 145
180 218
4 240
160 59
106 240
88 235
215 19
5 238
151 135
160 207
5 23
81 161
41 1
196 72
89 1
160 21
236 80
120 37
160 240
61 206
13 1
3 4
7 12
20 21
23 23
24 26
28 38
39 41
44 47
48 48
49 51
53 56
57 57
62 63
64 67
73 74
75 76
76 76
76 77
77 80
80 80
81 81
81 87
87 90
91 92
92 94
96 97
99 101
101 101
103 103
105 106
107 108
109 112
114 114
114 115
117 118
120 121
122 122
124 126
127 127
129 129
131 134
136 137
138 138
139 140
142 144
146 146
148 150
150 151
153 153
158 160
160 161
161 161
161 162
162 167
173 174
174 175
175 177
181 181
181 181
182 182
182 185
186 187
187 188
190 192
192 194
194 196
196 197
200 200
205 206
206 212
214 215
215 217
218 221
225 227
230 231
231 236
237 237
240 240
246 254
257 260
265 313
316 316
316 317
318 320
