53 107
80 44
144 240
125 9
69 1
20 80
204 45
125 112
160 186
32 76
209 47
117 81
160 150
106 194
240 37
233 9
28 88
144 119
109 230
160 49
100 69
144 161
172 180
42 88
153 188
197 18
81 132
214 110
62 80
126 230
102 13
76 80
30 201
144 55
94 117
137 71
88 109
54 3
104 124
82 51
240 19
81 139
35 224
15 79
110 45
155 60
28 198
240 75
208 89
9 153
26 122
88 226
23 42
122 7
164 81
118 174
99 131
166 231
1 240
142 183
217 118
160 87
41 1
142 237
102 73
21 86
117 219
40 202
58 123
144 23
219 180
240 160
4 58
106 75
181 235
88 216
240 5
19 151
160 208
1 81
24 199
1 126
7 116
61 1
27 78
23 240
28 105
80 66
21 167
240 101
1 1
8 9
10 11
12 13
13 17
24 26
26 29
30 32
36 36
38 42
42 45
46 50
50 51
53 53
55 57
59 65
65 65
66 68
72 73
74 76
76 80
80 80
80 80
81 81
81 81
81 82
82 83
85 86
87 87
88 89
90 92
93 93
95 95
96 98
98 98
102 104
104 104
107 111
111 111
112 114
116 118
119 120
125 125
127 128
128 129
130 132
135 135
135 138
139 140
141 142
145 146
151 151
153 153
153 157
158 159
160 160
161 161
161 161
162 162
163 163
164 165
165 166
167 168
170 170
171 172
173 174
175 176
177 177
178 179
181 183
183 184
185 186
187 191
191 194
194 194
197 202
204 206
206 206
213 215
216 221
223 226
229 231
233 236
237 240
240 244
248 251
257 258
304 308
316 316
316 317
