8 81
102 133
211 227
237 31
74 3
53 121
94 166
178 240
23 43
155 212
64 137
82 228
237 75
102 55
42 157
170 186
131 197
143 89
122 215
10 38
224 240
61 29
54 112
81 232
3 99
173 183
23 143
164 191
200 92
207 51
74 154
134 215
40 88
111 225
22 57
238 2
167 173
66 103
184 151
126 197
233 211
31 48
78 95
145 240
10 62
117 163
181 222
139 240
59 111
25 45
88 130
193 173
159 3
202 87
238 105
121 212
20 39
229 135
152 126
144 192
203 50
170 181
84 100
228 240
1 31
115 66
160 150
46 79
194 11
212 131
30 143
238 203
105 11
58 156
177 222
123 22
37 78
185 136
240 6
109 196
209 75
122 168
230 148
215 25
169 200
101 60
6 119
133 44
90 143
232 240
118 18
161 41
80 202
219 73
125 7
159 86
143 178
21 54
240 117
124 189
222 1
86 100
157 204
15 144
240 42
126 178
56 161
219 106
240 72
7 87
203 141
34 125
54 111
218 177
232 14
164 81
25 147
225 108
158 171
197 214
114 80
41 90
59 149
239 133
1 65
71 105
215 29
126 190
43 137
161 235
174 108
212 73
60 228
142 29
166 192
207 13
45 225
77 123
142 157
28 218
183 63
58 120
160 175
46 86
13 102
80 134
214 69
157 17
32 48
195 236
64 114
173 87
182 213
230 161
137 54
95 142
203 160
120 148
35 70
19 225
231 161
20 53
100 130
2 80
160 215
15 36
112 59
239 112
149 206
87 135
166 177
4 26
184 123
94 160
232 48
72 2
237 128
221 25
143 85
152 8
67 163
196 4
111 180
49 147
220 160
74 15
177 240
91 36
210 60
125 97
142 86
109 153
197 16
167 237
182 227
80 97
55 122
62 160
211 86
136 195
32 108
160 5
41 69
175 13
128 209
45 88
201 117
27 62
102 160
183 1
40 113
240 74
80 133
230 163
215 86
1 1
1 1
1 1
1 5
5 6
6 8
9 9
9 11
12 12
12 12
13 14
15 15
17 18
18 19
20 23
23 23
24 24
25 26
26 26
27 27
27 27
28 30
30 30
33 34
35 35
36 38
39 39
39 39
39 40
40 41
41 41
44 45
46 46
46 46
49 49
49 51
51 51
52 52
52 53
54 54
54 57
58 58
59 59
59 59
60 60
61 62
63 63
65 65
67 67
68 68
68 69
70 71
72 73
73 74
74 75
76 76
77 77
77 78
78 80
81 81
81 82
82 82
84 84
84 85
86 86
86 87
89 90
92 92
92 93
93 94
96 96
96 97
100 101
102 102
102 102
103 104
104 104
105 107
107 109
109 109
110 111
111 111
113 114
115 117
117 117
118 119
120 120
120 121
122 122
122 122
124 125
125 127
127 127
127 128
128 129
129 130
130 130
134 134
134 135
136 138
139 140
140 140
140 140
141 142
142 145
145 145
147 147
147 148
150 151
152 153
153 154
155 155
156 156
156 157
157 158
158 159
160 160
160 161
161 161
161 161
162 164
165 166
167 167
167 168
170 170
171 171
171 172
172 173
174 175
176 176
177 178
179 181
182 182
183 187
187 187
187 189
189 192
193 193
193 194
195 195
196 197
198 199
199 199
200 200
201 203
205 205
205 208
208 209
209 210
211 211
212 212
212 213
213 213
214 215
216 218
218 218
218 220
221 222
223 223
224 225
226 228
229 229
230 233
234 234
236 236
237 237
238 240
240 241
241 242
243 243
243 243
244 245
245 246
247 247
248 249
249 250
252 253
253 255
255 256
256 257
257 258
258 259
259 259
261 262
262 263
264 265
265 266
268 269
269 270
270 271
274 276
276 276
276 277
278 278
279 279
280 281
282 284
287 287
288 290
291 291
292 293
293 295
295 295
295 298
299 299
300 305
305 307
308 308
308 308
309 311
312 312
312 313
314 314
316 317
317 318
