1 78
36 57
125 98
170 182
193 240
160 27
216 3
47 68
110 142
232 79
106 240
59 46
161 174
191 135
147 201
126 240
93 219
42 228
15 65
116 58
33 85
237 103
1 178
7 187
147 168
195 96
204 211
28 78
55 125
139 240
91 115
218 44
229 61
26 171
177 6
70 107
188 155
129 200
237 214
36 52
82 99
149 1
66 121
167 15
185 225
142 240
114 63
92 133
30 176
196 162
206 240
8 91
108 124
216 25
156 44
147 237
1 54
173 185
87 203
103 48
119 139
207 240
13 70
3 36
233 163
154 198
16 50
83 134
215 146
34 98
206 240
1 109
16 62
160 180
225 127
42 82
188 27
139 48
199 112
10 171
212 78
125 232
151 217
172 203
105 30
123 64
136 75
11 48
93 146
235 165
188 23
128 204
221 77
1 107
161 90
146 12
45 58
120 26
126 189
161 223
206 6
43 90
103 147
129 181
164 222
20 47
60 109
76 91
160 205
146 119
222 40
58 130
151 166
181 235
4 20
112 123
199 227
46 80
160 173
216 94
240 64
137 152
109 5
76 130
34 193
141 48
164 238
112 117
178 98
215 146
78 230
66 120
169 4
210 35
50 195
19 127
100 82
160 34
222 68
187 1
178 63
125 228
91 52
214 19
94 106
138 218
161 74
222 2
23 37
54 119
198 69
217 92
185 235
19 141
174 100
60 207
125 153
76 111
1 25
41 184
229 235
164 191
59 105
110 135
85 5
42 141
220 22
118 64
153 161
93 211
171 181
202 4
86 116
147 189
31 160
66 99
128 237
54 78
9 133
226 148
32 81
91 157
73 168
200 117
185 11
55 152
225 165
79 182
21 214
1 42
66 103
130 147
92 115
158 202
22 1
173 187
232 59
103 79
129 68
160 21
215 92
142 200
39 114
11 75
163 180
5 19
134 52
213 233
94 206
108 165
33 68
189 5
119 46
129 80
138 56
235 92
168 81
161 20
58 105
126 198
221 1
1 2
2 3
4 4
4 5
6 7
8 8
9 9
9 9
9 10
14 14
14 15
16 18
18 18
19 20
20 21
21 22
22 23
23 24
24 25
26 27
29 29
30 31
31 32
33 34
34 34
35 35
35 36
36 37
37 39
39 41
41 41
42 42
45 46
46 46
47 47
47 47
48 49
49 50
52 54
54 54
54 54
56 56
56 56
57 58
58 59
59 62
63 63
63 64
65 65
67 68
69 70
70 70
70 72
73 73
74 74
76 77
77 77
77 78
78 80
81 81
81 81
81 82
82 83
83 83
84 85
87 88
88 88
88 88
91 92
92 92
92 95
95 97
97 97
97 97
98 100
100 100
101 101
103 103
104 105
105 105
106 106
108 109
110 112
112 113
114 114
115 115
116 117
117 117
117 118
119 120
121 122
122 122
123 124
124 124
125 125
126 127
129 130
131 133
133 134
134 135
136 136
136 137
137 139
140 141
141 142
142 143
143 147
148 148
148 149
150 151
152 152
152 153
153 153
153 155
155 156
156 156
157 161
161 161
161 161
162 162
163 163
163 166
167 167
167 169
169 170
171 172
172 173
173 173
175 175
177 178
178 179
179 181
183 183
184 184
184 186
188 189
190 190
192 192
193 193
194 194
195 195
195 196
197 197
198 198
199 200
201 203
205 205
206 206
206 207
208 208
209 209
210 210
211 212
212 213
214 215
215 217
217 220
220 221
221 221
221 222
223 224
224 226
227 228
229 230
231 234
234 234
235 236
237 237
237 238
238 240
240 240
241 241
241 241
241 242
242 243
243 243
245 246
246 248
250 250
251 252
252 253
253 254
254 254
256 256
257 258
259 259
260 261
261 263
266 267
267 267
267 267
271 273
273 273
273 274
275 275
276 277
279 279
280 281
284 284
285 286
287 288
288 290
290 291
292 292
292 294
296 297
298 298
298 303
303 305
305 306
306 306
308 309
310 310
311 311
313 314
316 316
317 317
318 320
320 320
320 320
