13 43
132 158
171 188
144 199
240 123
216 90
226 38
61 12
113 55
30 82
234 100
175 165
184 4
145 193
201 209
93 157
24 52
75 123
136 113
216 89
227 40
240 58
169 175
23 104
152 160
185 3
67 198
127 235
212 96
147 33
49 79
63 119
166 183
12 224
141 240
112 90
132 61
27 47
175 195
161 204
240 89
107 123
5 214
155 22
41 146
184 172
52 86
102 117
138 231
68 1
33 153
162 133
197 214
81 14
48 145
239 205
32 96
4 107
159 180
60 126
224 14
39 80
188 139
25 92
198 46
111 170
211 8
77 124
232 151
216 240
172 203
104 122
135 28
63 74
92 146
234 9
46 164
22 204
220 127
181 76
107 161
89 145
132 10
44 56
240 120
105 126
24 189
223 161
206 89
146 5
128 181
164 221
46 108
240 19
59 75
205 160
90 221
129 180
38 165
235 3
19 111
161 199
217 80
45 93
151 240
63 108
129 75
4 193
34 140
47 163
238 177
221 69
81 111
116 96
170 77
97 162
231 119
65 146
240 210
195 3
34 50
19 179
99 126
81 160
187 222
33 68
124 178
228 1
90 214
51 94
18 106
138 218
160 222
74 37
199 2
23 53
80 177
118 217
69 91
186 236
141 18
174 100
208 60
81 125
153 176
184 75
201 25
41 1
234 164
53 105
136 85
6 221
43 142
23 118
1 65
154 182
212 93
171 161
190 5
33 129
100 78
238 54
10 134
228 81
149 159
33 74
92 169
201 117
187 41
142 195
12 57
114 154
166 227
81 183
23 131
216 1
44 67
147 159
203 237
80 93
116 23
175 189
234 129
70 160
218 94
144 202
115 41
165 181
13 76
7 238
21 135
214 55
96 110
167 207
70 191
35 122
8 81
141 46
58 151
222 237
157 170
94 22
223 107
200 187
76 36
127 10
148 240
88 28
81 162
214 45
101 229
62 115
174 54
188 201
79 132
1 1
1 1
1 1
2 2
3 4
4 5
5 6
7 8
8 10
11 12
12 13
13 16
16 17
17 17
17 17
18 19
20 20
20 20
22 23
23 25
25 26
27 28
28 29
30 30
30 30
30 31
31 31
32 32
35 37
37 38
38 38
39 39
39 40
41 41
42 44
45 46
46 47
48 48
48 48
49 51
52 53
53 53
54 54
55 57
57 57
59 60
61 62
62 63
63 65
66 67
67 67
67 70
70 70
71 72
72 73
74 75
76 76
78 78
80 80
81 81
81 82
83 83
83 84
85 85
86 87
87 87
88 89
89 89
91 92
93 93
94 95
97 97
97 98
98 99
100 100
100 101
101 102
105 105
105 106
106 107
107 107
108 108
109 110
111 112
112 113
114 114
115 116
116 117
117 119
120 121
122 123
124 124
126 126
126 127
127 130
130 131
132 134
135 135
136 136
136 139
139 139
139 139
141 142
145 145
145 145
147 150
150 151
152 152
153 153
155 155
155 156
156 157
157 157
157 158
160 161
161 161
161 162
163 163
163 165
167 168
168 169
171 171
172 172
173 173
175 175
176 177
178 178
178 179
180 180
181 182
183 183
184 184
186 188
189 190
190 191
191 191
191 191
192 192
193 194
194 194
195 196
196 198
198 200
201 201
201 203
203 204
204 205
205 206
207 208
210 211
213 214
216 217
218 218
220 220
221 221
221 222
222 223
223 224
224 226
226 226
227 228
228 230
233 233
233 235
235 236
237 237
237 237
237 240
240 241
241 241
242 242
242 242
243 243
245 245
248 250
250 251
251 251
254 256
256 256
257 257
257 259
259 259
260 264
268 268
269 271
272 272
274 275
275 276
277 277
280 280
281 281
282 283
287 289
289 289
290 290
291 293
294 295
295 298
298 298
298 298
299 300
301 303
303 304
304 305
306 308
309 310
311 312
313 315
315 315
315 316
316 316
317 317
317 318
318 318
320 320
