78 98
106 218
240 1
160 192
28 51
203 235
168 240
39 68
132 179
15 109
117 146
97 191
223 53
86 163
200 27
4 208
44 134
114 181
73 147
98 217
237 35
14 60
85 175
27 47
125 79
112 138
208 151
184 10
103 40
230 171
65 94
212 1
34 87
160 195
52 150
239 124
214 81
179 1
20 200
107 115
70 142
223 165
21 45
187 104
77 151
170 81
19 38
98 126
227 3
76 97
229 157
134 196
58 18
120 177
38 94
143 209
19 162
199 92
75 114
35 147
230 186
131 73
52 16
109 167
225 33
125 136
184 52
89 152
233 71
204 172
32 14
154 141
128 231
73 93
203 112
169 54
31 11
166 53
202 75
95 35
118 153
181 228
104 196
14 83
1 175
38 60
87 125
1 17
137 160
163 215
134 137
164 65
189 110
43 209
129 65
160 204
1 99
165 70
46 190
81 221
31 169
141 1
155 8
31 11
91 192
40 139
78 117
179 219
15 161
169 240
51 37
150 140
63 71
198 19
160 187
47 81
141 6
55 220
160 240
59 103
116 40
127 140
230 70
80 50
211 153
195 70
80 185
40 177
214 55
1 149
80 236
194 160
164 207
146 105
19 184
32 219
63 150
173 206
1 1
1 1
1 2
2 2
3 3
6 6
9 9
11 11
12 12
14 14
14 14
16 17
19 20
20 20
21 22
23 25
26 26
27 27
28 30
32 32
32 34
36 37
38 40
42 43
43 44
44 44
44 45
47 48
48 50
51 52
53 54
54 55
56 58
58 58
60 60
60 61
61 62
62 63
64 64
65 65
67 68
68 69
71 72
72 73
74 75
76 77
78 78
78 78
78 80
81 81
81 82
83 83
84 85
85 85
86 87
87 88
92 92
92 93
94 94
95 95
95 99
100 101
103 105
105 105
106 108
108 109
109 112
112 112
113 114
114 117
118 120
120 121
124 125
126 126
126 127
127 128
133 135
136 137
137 139
139 141
141 141
141 142
146 146
147 149
151 152
154 154
156 156
157 158
158 158
158 160
161 161
161 162
162 164
165 166
167 174
175 176
177 180
181 182
186 186
188 191
194 194
198 199
200 202
208 209
211 212
214 214
215 217
217 217
220 220
220 221
225 227
228 231
232 233
233 234
236 236
240 240
240 241
241 242
243 246
249 250
251 252
252 253
253 255
257 262
264 265
273 274
277 277
278 281
281 284
287 287
288 288
290 301
301 303
304 305
307 311
314 315
316 316
317 320
