11 67
88 116
124 147
188 38
108 225
61 160
238 201
5 211
239 48
77 81
176 24
141 126
187 118
155 106
62 199
95 13
37 172
229 208
53 82
122 143
214 189
4 155
106 240
43 22
223 166
94 34
182 55
133 87
119 146
158 17
80 214
110 47
191 73
177 236
102 42
218 94
59 201
4 157
27 89
131 185
220 114
123 77
205 28
148 172
228 51
110 193
25 157
82 10
104 176
68 132
82 103
233 24
64 140
164 201
6 44
126 183
80 100
148 1
214 24
81 98
167 41
119 203
152 234
137 191
2 80
57 21
209 114
38 172
229 130
141 57
93 188
1 157
75 208
238 36
19 58
176 158
145 1
132 77
58 116
234 97
173 35
190 14
80 1
56 170
81 98
205 39
121 156
184 17
229 1
66 199
86 41
63 178
220 19
2 90
128 139
164 154
1 78
166 67
45 112
191 24
210 132
92 240
1 67
27 177
204 101
72 167
47 157
161 81
190 31
195 221
58 1
170 94
129 8
143 156
30 10
116 37
78 139
191 16
117 179
217 240
161 167
50 36
87 205
149 62
17 70
225 197
185 160
77 156
170 240
25 31
139 88
216 37
100 114
7 124
196 68
137 226
79 46
240 161
149 206
26 230
65 34
189 78
1 160
179 49
208 102
13 143
230 188
55 41
172 209
155 12
99 140
189 177
36 221
85 212
5 166
48 100
149 187
199 1
1 1
1 1
1 1
2 2
3 4
4 4
5 6
10 10
11 11
11 11
13 14
15 15
16 16
17 20
20 21
22 22
22 22
24 26
28 28
28 28
29 31
32 33
33 34
35 35
36 39
42 42
43 44
45 45
46 46
47 47
47 49
50 50
53 53
54 55
56 57
58 60
61 62
62 63
63 63
64 64
66 66
67 67
69 69
71 71
72 74
74 76
76 77
78 78
78 80
80 81
82 83
84 84
84 84
84 85
85 86
87 88
88 89
90 90
91 94
94 94
95 95
95 97
98 100
101 102
102 103
104 105
106 107
107 109
110 110
111 111
111 112
113 114
116 116
117 118
119 119
121 123
125 125
126 127
127 127
128 129
131 131
133 133
134 136
138 139
139 139
140 142
142 142
144 144
145 145
147 149
152 153
154 154
155 157
157 157
158 158
160 161
161 161
162 164
164 164
166 167
169 170
171 173
173 176
177 177
179 181
182 184
184 184
187 188
191 191
192 193
195 195
196 197
198 199
200 205
206 208
211 214
214 214
215 217
217 218
218 220
220 222
224 224
226 228
229 230
231 231
233 236
237 238
238 238
238 240
240 240
241 243
248 248
249 250
251 251
252 252
253 255
257 260
262 264
264 266
268 270
273 273
275 276
276 277
279 281
282 283
285 287
288 293
294 295
297 299
301 302
302 305
308 313
313 314
314 317
317 318
320 320
320 320
