54 112
214 160
223 15
98 179
188 44
72 234
35 203
92 147
158 3
140 62
171 131
212 85
29 183
224 21
72 101
199 48
236 164
149 210
142 178
129 14
86 37
60 118
221 195
230 76
105 4
145 165
27 237
212 66
129 178
45 189
19 91
116 57
224 78
204 110
142 155
40 167
9 180
70 236
132 213
95 64
124 199
116 5
80 27
49 222
111 152
178 206
144 160
240 99
135 50
227 1
20 170
74 161
193 131
47 105
230 214
32 178
197 153
124 12
85 161
66 184
221 146
102 121
203 46
80 169
235 3
28 62
118 101
140 188
224 173
23 100
157 78
211 42
59 134
234 192
3 77
151 161
21 114
209 96
177 133
57 40
229 78
196 179
21 165
213 98
152 4
78 117
136 55
193 210
19 35
160 166
76 99
59 118
190 1
225 141
177 38
204 22
85 161
106 3
61 83
160 124
17 40
198 110
221 148
239 1
87 185
17 66
132 161
45 211
2 230
152 20
87 47
197 224
78 120
1 92
186 68
135 177
240 101
209 52
70 160
78 240
6 231
114 190
28 106
148 163
176 50
6 30
91 135
57 151
98 160
36 203
137 198
10 236
179 186
69 55
107 81
122 145
37 169
89 121
145 160
23 217
65 4
205 187
108 37
234 57
80 119
7 27
132 87
143 156
215 1
98 66
34 10
168 225
46 142
147 1
85 54
208 97
240 198
68 226
121 7
163 47
81 206
240 14
59 76
86 190
228 174
30 160
117 126
208 44
1 1
1 2
2 3
3 3
4 5
5 6
9 9
10 10
10 11
11 12
12 13
13 14
15 15
17 19
21 22
22 23
23 25
26 26
27 27
28 29
29 31
31 31
31 34
35 36
38 39
39 39
40 40
41 43
43 43
44 47
48 48
49 51
51 52
53 55
55 55
56 56
58 58
59 59
60 61
63 65
65 65
69 70
70 71
72 72
73 73
73 75
76 76
76 77
77 78
78 80
80 81
82 82
82 84
85 85
85 86
87 87
89 90
92 93
93 94
95 96
96 97
98 98
98 100
100 100
102 103
103 104
104 105
105 105
106 108
111 111
111 112
112 113
116 116
116 117
118 120
120 120
121 121
122 123
124 125
126 127
128 129
130 132
133 133
133 135
135 137
137 137
138 140
140 141
142 142
144 145
146 147
149 149
149 150
150 152
152 153
153 154
155 157
158 159
161 162
162 163
165 165
165 166
166 167
167 170
170 171
172 173
174 174
175 175
178 178
180 181
182 186
187 188
189 189
191 191
192 193
194 195
196 197
199 200
202 202
203 203
204 205
206 206
207 207
207 209
211 214
215 215
215 217
220 222
223 223
224 224
227 227
229 229
230 230
232 234
234 237
237 237
238 238
241 241
241 243
245 245
246 247
247 249
250 252
253 257
257 257
258 259
259 261
261 262
262 263
265 266
268 271
273 274
276 277
278 280
280 283
283 285
285 287
289 291
292 293
296 297
297 299
300 302
303 303
305 306
308 309
310 311
312 313
316 317
