30 68
103 141
160 174
203 213
233 81
132 115
195 221
16 59
155 172
147 44
123 181
31 212
6 85
161 227
110 191
77 240
68 172
93 156
19 37
102 1
139 62
232 173
197 55
123 159
15 109
54 81
144 160
180 30
240 232
50 90
75 200
112 153
46 97
131 23
182 67
6 212
223 197
236 114
162 100
150 1
43 82
60 197
212 139
22 38
74 181
117 3
240 41
88 158
55 81
227 73
102 133
195 211
2 86
172 20
240 225
74 88
120 152
164 217
233 59
203 32
102 187
87 95
182 22
81 209
5 240
115 39
209 192
132 175
4 237
61 24
223 77
1 97
173 89
124 143
81 188
28 4
170 161
65 240
76 185
215 116
49 140
201 9
31 156
102 78
26 88
220 127
186 200
49 212
232 34
145 5
171 79
14 112
139 21
100 48
195 70
90 150
14 26
123 155
228 167
182 62
111 74
51 142
85 154
239 24
63 111
120 200
85 183
32 45
145 231
7 137
96 155
170 67
160 44
76 135
203 120
16 85
29 95
106 239
223 26
170 144
74 134
188 1
216 36
161 12
52 178
83 70
62 110
123 95
197 23
35 103
1 166
80 46
139 213
60 160
16 120
178 204
146 92
240 168
69 198
31 103
47 81
218 42
196 126
161 211
236 6
183 108
151 201
19 88
178 229
35 50
77 97
240 76
88 99
173 196
25 59
127 162
49 220
3 184
240 80
210 137
148 88
13 21
34 55
235 70
169 125
194 224
232 91
106 151
190 216
11 23
37 49
206 61
125 136
81 168
113 233
206 193
238 87
155 14
72 224
143 60
128 121
182 221
38 106
169 8
28 157
203 240
72 57
140 186
230 124
102 2
221 23
88 160
167 43
54 207
237 1
1 1
1 1
1 1
1 1
2 2
3 3
3 4
4 5
8 9
12 12
12 14
14 15
15 15
15 17
17 18
18 19
19 20
21 23
23 23
24 24
25 25
27 27
28 28
28 29
32 33
33 33
34 34
35 35
37 38
38 39
40 41
41 44
45 45
46 46
47 48
48 50
51 51
52 52
53 55
56 56
56 58
59 59
60 61
61 62
62 64
65 65
66 66
66 67
68 68
69 70
71 71
71 72
72 72
73 75
77 78
78 78
78 78
78 78
79 79
80 80
80 81
81 81
82 82
82 84
86 88
89 89
90 92
92 93
95 96
97 97
98 99
99 100
101 102
102 103
105 106
108 109
110 112
112 113
113 113
114 116
116 116
117 118
118 119
120 122
124 124
126 126
126 127
128 129
130 130
131 133
134 136
136 138
140 140
142 142
143 143
143 144
146 149
149 149
150 150
151 151
155 156
156 158
158 159
160 160
160 160
160 161
161 162
162 162
163 164
164 165
165 168
169 170
171 171
171 174
175 177
178 179
179 179
179 180
182 182
183 185
185 186
187 188
189 189
192 193
194 196
197 198
198 198
199 199
202 203
203 204
204 205
206 207
207 210
211 213
213 214
215 218
219 219
220 221
221 222
222 223
223 223
224 226
227 227
228 229
231 231
234 234
235 236
236 236
236 237
237 237
237 238
241 241
241 241
242 243
243 244
244 245
247 249
249 249
250 252
253 253
254 255
258 258
258 258
259 259
261 264
264 266
267 267
267 268
269 273
273 276
276 276
277 277
277 278
279 281
282 283
285 285
286 286
287 288
288 291
292 292
294 294
294 295
296 296
300 301
302 302
302 304
306 307
307 308
309 310
311 311
313 313
316 316
317 320
320 320
