32 68
116 127
161 228
237 1
153 57
90 141
195 22
185 206
214 49
81 108
128 160
167 227
9 239
67 118
23 42
146 100
151 1
138 189
207 87
224 15
176 34
127 60
167 53
234 83
120 150
26 104
5 198
210 135
187 49
73 179
103 221
43 172
20 233
163 83
125 150
99 65
80 10
35 203
240 138
185 156
195 227
114 211
51 133
181 93
1 27
78 218
43 147
172 108
239 69
167 199
19 226
88 192
240 38
141 164
207 123
65 104
12 229
84 184
238 215
49 119
82 8
28 99
160 217
63 176
200 232
139 120
44 5
99 192
158 172
58 119
205 80
235 1
21 95
136 37
220 1
60 138
191 97
176 121
75 205
220 20
38 239
156 121
53 94
75 234
34 81
141 178
118 51
195 230
16 36
81 161
182 216
207 145
93 100
53 240
77 183
9 160
195 81
127 32
166 103
148 235
211 195
6 144
220 45
58 82
134 184
190 98
160 205
6 31
90 191
122 152
165 81
132 49
57 98
140 160
165 5
232 33
172 132
188 220
76 208
57 144
1 52
116 8
132 201
105 90
84 177
230 240
155 61
35 57
191 80
110 149
16 204
124 163
230 155
1 214
35 93
79 60
162 185
194 44
133 170
24 147
231 239
112 204
10 104
181 215
225 72
87 143
49 160
58 192
119 154
76 21
129 170
96 201
77 189
236 181
107 229
25 52
141 213
84 3
152 118
37 50
86 92
107 145
164 196
210 214
238 231
16 178
64 126
35 239
101 50
6 27
148 176
211 187
165 74
111 160
200 221
84 54
95 122
61 25
81 31
136 226
93 153
1 167
215 74
108 194
42 178
161 89
138 225
23 130
206 30
63 138
152 172
95 188
234 104
44 78
113 180
223 20
209 160
89 57
128 140
197 65
153 166
240 179
35 96
49 80
115 231
72 81
219 131
205 1
1 1
1 1
1 1
2 2
4 4
5 8
9 9
9 10
11 11
11 11
13 13
13 16
17 18
18 19
20 20
21 21
22 23
23 23
25 26
27 27
29 29
31 31
33 33
34 34
36 37
38 39
39 40
41 41
42 43
44 45
45 46
46 47
49 50
51 51
51 52
54 55
56 57
58 58
60 60
61 61
63 64
64 65
65 65
66 67
67 67
69 72
72 72
73 74
75 76
76 77
78 80
80 81
82 82
82 82
83 84
84 86
86 87
87 87
89 90
91 92
93 94
94 94
96 97
97 97
97 98
99 100
101 102
102 103
105 106
107 107
108 108
109 109
109 109
111 112
116 117
117 117
118 118
119 120
120 120
121 121
121 126
127 128
128 130
130 132
132 133
133 134
135 136
138 139
140 140
140 140
140 141
142 143
143 145
145 147
149 150
150 151
152 152
153 153
154 154
155 156
157 158
158 158
160 161
161 161
161 161
162 162
164 165
165 165
165 166
166 166
168 171
172 173
174 174
174 174
176 176
177 178
179 179
179 180
180 181
181 182
182 183
184 184
184 186
188 189
189 189
189 190
191 192
192 192
195 195
195 196
196 197
197 197
200 201
201 202
202 203
205 205
205 206
209 209
210 211
213 213
213 214
214 215
215 215
215 215
217 217
217 218
218 219
220 222
223 224
225 226
227 229
231 232
232 232
233 234
234 235
235 235
235 236
237 237
238 240
241 241
241 241
241 241
241 241
241 241
242 244
244 245
246 247
249 253
254 255
255 255
255 255
256 257
258 258
258 258
258 260
262 264
265 266
267 267
269 269
269 270
271 272
272 272
275 275
276 277
277 279
281 283
284 285
289 289
291 291
291 292
292 293
293 297
298 299
299 299
299 300
302 302
303 305
306 306
306 309
310 310
310 310
311 312
312 313
314 315
316 317
317 317
320 320
