42 83
240 90
112 140
57 177
194 213
35 159
78 15
105 121
144 232
189 74
50 128
164 31
96 182
214 11
130 146
156 195
228 1
112 182
27 88
187 6
229 48
66 171
103 212
161 28
148 81
116 190
5 131
27 164
226 240
46 204
1 102
130 183
116 149
86 19
3 29
239 41
65 143
73 178
238 81
221 28
160 205
1 87
138 49
25 124
90 115
172 152
78 52
215 236
5 165
28 197
61 188
5 238
90 103
212 142
73 166
34 118
228 54
128 183
7 25
103 50
212 113
153 225
34 100
238 58
70 171
27 180
196 36
1 137
14 71
165 44
77 125
220 95
114 236
163 10
49 147
36 207
135 192
8 83
152 185
97 165
135 178
80 108
224 12
207 68
28 119
50 194
89 67
158 99
198 36
73 143
226 7
108 118
129 51
15 6
213 193
167 96
157 80
126 211
85 237
22 72
184 15
31 56
116 160
227 234
74 64
174 139
203 1
105 92
85 132
145 115
219 9
43 55
20 188
67 161
207 234
81 27
141 36
200 226
167 42
79 113
2 89
51 123
160 189
67 103
62 238
15 146
182 217
81 231
24 204
129 171
108 221
38 55
198 1
69 117
95 9
216 240
80 146
182 39
126 204
239 157
22 108
167 39
53 73
89 227
189 145
134 81
213 4
15 124
170 110
209 234
60 16
74 165
236 41
29 201
97 67
54 79
143 155
187 231
131 15
119 223
106 211
80 31
174 89
161 210
77 139
200 53
124 239
186 1
58 10
111 25
31 45
219 174
89 74
82 158
203 59
141 3
120 237
18 39
104 80
226 60
183 160
168 206
149 131
216 13
37 85
113 238
95 25
45 61
199 189
180 162
147 222
235 5
129 138
49 84
121 22
68 208
198 239
1 2
2 3
3 3
4 4
4 4
5 5
6 7
8 8
11 11
12 13
14 14
15 16
16 16
16 19
22 22
22 22
22 24
24 24
25 27
28 29
29 30
30 30
31 31
32 34
34 35
35 36
37 39
41 41
41 41
42 42
43 47
47 47
48 48
49 50
52 52
52 56
57 57
59 59
59 60
60 62
62 62
63 65
66 67
68 68
70 70
71 72
74 75
75 76
77 77
78 79
80 80
81 81
82 82
82 83
85 85
86 86
86 87
88 88
89 89
89 92
93 95
95 96
97 97
98 99
99 99
100 100
103 105
106 106
107 107
107 109
110 110
111 112
112 112
113 114
115 117
118 119
120 120
121 122
122 123
125 127
128 128
129 129
129 130
130 131
132 133
134 137
138 139
139 140
142 144
144 144
144 145
147 147
147 148
149 150
150 152
153 154
154 155
155 155
156 156
157 157
157 161
161 161
161 161
161 161
162 163
163 164
164 165
165 166
167 167
167 168
169 170
171 172
174 174
176 176
176 176
179 182
182 183
184 185
187 189
189 189
190 190
191 191
191 191
192 192
193 193
196 196
196 196
198 198
201 201
203 203
205 205
206 206
206 207
207 207
211 212
212 212
213 213
215 219
219 219
219 223
224 224
224 227
228 228
228 228
229 231
232 234
234 235
236 236
236 237
238 238
240 241
241 241
241 242
243 243
245 246
247 247
247 247
248 249
251 252
252 254
255 255
256 257
257 258
261 261
263 263
264 265
265 265
266 267
267 268
269 270
271 271
272 273
274 276
276 276
277 279
279 280
280 282
283 284
284 286
286 287
287 291
291 292
294 295
295 297
298 298
298 298
299 300
300 300
300 301
304 307
308 309
309 310
310 310
312 313
313 314
314 315
316 318
