4 34
94 219
17 81
136 160
117 186
60 238
194 105
37 152
160 19
63 198
1 38
81 207
13 104
230 53
10 195
218 235
26 69
115 171
22 158
223 42
60 85
2 206
80 184
134 147
125 191
230 160
73 118
16 217
171 237
66 88
177 202
106 48
27 224
240 138
10 81
43 152
207 61
191 115
170 231
4 76
38 214
175 236
218 132
18 92
200 124
160 33
49 117
182 13
110 66
222 240
44 81
28 84
156 208
58 161
8 123
188 226
24 41
9 74
212 21
54 190
230 168
37 114
137 90
160 71
3 36
17 147
51 106
190 160
173 202
235 218
3 81
102 150
67 134
46 189
238 31
161 204
221 1
14 80
190 64
97 116
132 147
27 81
174 221
11 161
44 145
97 60
114 174
203 23
79 9
161 187
43 59
170 156
94 202
220 7
40 95
160 24
114 59
96 156
199 42
168 216
77 95
4 22
60 117
217 230
181 196
157 1
42 60
117 24
97 133
176 80
225 151
41 240
6 102
125 172
191 81
25 42
62 205
161 7
145 127
1 220
186 240
112 201
142 161
8 64
83 26
99 217
45 81
116 130
179 155
216 27
9 67
86 104
235 148
12 49
168 132
211 30
107 70
190 92
114 227
52 161
207 14
35 75
118 185
226 154
203 180
101 200
74 161
20 110
240 66
167 45
90 217
195 155
24 5
237 99
148 57
80 214
194 27
109 211
232 131
11 49
150 166
33 69
93 228
206 131
19 57
86 180
154 106
221 42
74 24
105 140
168 188
31 88
13 59
181 240
150 104
43 133
219 33
85 120
51 147
228 103
160 76
204 1
1 1
1 2
3 3
3 6
6 7
7 8
11 13
14 16
18 18
18 19
20 21
22 23
23 23
26 28
29 29
29 30
30 31
31 34
34 34
36 36
36 37
37 38
38 41
41 42
42 42
43 44
44 45
45 46
48 49
49 49
49 50
51 53
53 53
54 55
56 57
57 57
58 59
60 63
63 64
64 65
65 68
68 69
70 71
71 71
72 72
73 73
73 74
77 77
78 78
79 80
80 81
81 82
84 85
85 86
86 86
86 87
88 91
91 93
94 94
94 94
95 96
96 96
99 99
102 103
104 106
107 108
108 108
109 109
109 109
110 111
112 116
116 117
117 118
118 118
120 120
120 120
121 122
122 125
126 126
126 126
126 128
128 128
131 132
132 133
134 135
136 136
137 137
138 138
140 140
141 144
145 146
147 148
149 149
150 151
151 151
152 152
154 157
157 157
158 158
158 160
160 161
161 161
161 161
161 164
164 165
167 167
169 169
171 171
171 172
173 173
175 176
176 177
178 178
179 180
181 182
183 183
183 184
185 185
187 188
188 190
190 191
191 193
193 194
194 194
197 197
197 199
199 200
200 201
202 204
205 206
207 207
207 209
211 213
213 213
214 214
215 215
218 218
220 220
220 222
224 224
225 225
226 227
227 229
230 230
232 233
238 240
240 241
241 242
243 244
245 246
246 247
249 251
253 253
254 254
255 255
255 259
261 261
261 261
263 266
266 267
269 270
271 272
272 273
274 277
277 277
277 279
280 281
283 285
286 288
288 288
292 294
294 295
295 299
300 301
303 304
304 304
307 307
309 311
312 312
316 316
317 317
