17 35
100 117
158 186
203 209
221 135
232 45
29 78
149 58
165 110
89 199
188 23
38 213
104 122
54 156
159 176
5 20
231 36
136 65
99 48
236 193
185 219
12 80
129 178
30 95
110 170
58 43
75 126
202 90
105 191
7 223
119 23
184 42
69 85
103 136
54 158
21 70
4 38
83 115
229 174
197 212
99 19
151 1
35 132
65 97
149 50
208 79
166 112
234 15
33 64
143 211
127 163
1 46
195 29
80 28
92 222
12 61
141 76
108 87
158 176
192 208
125 235
221 10
73 105
205 42
57 121
157 174
189 235
27 85
140 219
70 40
9 81
55 104
120 138
26 231
173 155
217 68
6 101
85 38
120 228
198 21
103 137
156 53
177 66
83 4
240 218
36 21
103 178
121 85
194 157
236 51
139 2
36 212
102 67
161 186
232 20
142 86
103 2
123 206
68 188
51 19
81 172
202 222
125 69
144 35
50 87
160 2
106 176
190 214
240 1
17 88
70 165
51 128
146 209
109 229
51 73
192 18
168 36
91 130
174 153
1 21
112 221
55 75
96 136
178 37
119 214
21 57
240 161
3 204
145 171
23 81
41 126
228 174
105 151
215 25
85 208
44 66
160 240
118 137
8 26
88 170
49 146
72 109
210 227
12 93
130 31
153 55
84 191
240 80
117 215
167 104
145 134
16 183
86 160
229 201
45 28
92 140
74 168
6 83
119 13
61 151
166 231
2 104
195 18
96 28
112 80
89 160
6 121
166 232
47 80
184 14
55 71
160 131
101 66
4 157
85 74
165 186
41 1
158 208
240 48
31 11
59 49
6 90
106 150
171 136
2 24
86 1
1 1
1 1
1 1
1 1
3 5
6 7
7 8
10 10
12 14
14 15
16 16
16 17
17 18
19 19
19 21
22 22
25 25
26 26
27 27
29 30
31 32
32 32
32 33
34 34
35 37
38 38
38 38
40 40
41 43
44 45
46 46
47 47
47 48
50 51
51 52
52 53
54 54
54 54
55 55
55 56
58 58
59 62
62 64
64 65
66 66
67 67
68 68
71 71
72 73
75 76
76 77
77 77
78 78
81 81
81 82
82 82
83 85
86 86
86 86
86 87
88 91
93 93
93 93
96 96
96 96
96 96
96 97
97 98
99 100
101 102
104 105
105 105
105 106
106 107
108 108
111 112
112 113
115 115
117 118
119 119
120 120
121 121
122 122
124 124
125 127
128 128
129 130
131 131
132 132
133 133
134 136
136 137
138 138
138 139
141 141
143 144
145 145
145 146
147 148
151 151
151 153
153 154
155 155
156 157
158 158
160 161
161 161
162 162
164 165
166 167
167 168
168 169
172 174
174 175
175 175
176 176
177 177
179 180
181 182
182 184
184 185
187 187
187 188
189 190
191 192
192 192
194 197
198 199
199 202
202 203
205 205
206 207
208 210
213 213
215 216
216 216
216 217
217 220
222 223
223 227
227 228
229 229
230 232
233 233
234 234
235 236
237 238
239 240
241 243
245 245
246 247
247 248
248 249
250 251
255 257
257 258
258 259
259 259
261 265
265 265
265 267
267 267
269 273
274 274
275 276
277 279
280 280
280 281
281 281
284 284
285 285
286 289
290 291
291 292
294 294
294 298
299 299
299 300
302 303
304 307
311 312
312 312
313 313
316 317
317 320
