17 47
78 239
98 116
160 59
30 189
203 181
215 173
129 226
25 40
72 8
234 122
143 52
162 104
83 194
19 34
182 207
49 99
117 217
1 170
15 225
161 31
60 131
44 94
230 187
180 148
214 238
8 74
125 172
26 105
89 165
54 38
70 121
198 100
186 4
227 218
114 180
18 37
65 81
98 131
205 50
154 17
66 1
224 34
78 111
169 193
94 15
147 110
128 31
61 92
145 46
161 204
75 108
230 11
29 176
60 159
207 190
123 229
42 104
25 88
9 57
137 72
103 188
154 172
204 121
231 26
83 217
202 6
69 101
154 170
54 231
38 117
23 136
216 66
80 36
6 134
227 52
100 116
169 22
81 151
213 196
171 64
98 183
3 81
153 240
116 35
225 195
99 18
134 152
173 50
62 80
238 214
1 33
100 17
174 118
63 154
191 234
80 136
1 47
209 33
98 63
183 229
159 139
16 83
99 120
203 155
185 64
47 161
32 170
16 199
219 99
122 141
65 32
157 47
84 219
173 187
193 103
236 212
142 14
85 67
125 161
48 144
206 226
107 189
70 15
165 88
32 1
128 172
150 218
18 110
52 72
93 133
175 34
212 4
116 238
18 53
138 159
201 1
168 80
19 123
225 37
102 148
1 213
128 80
22 206
236 156
63 41
115 134
5 23
85 167
45 143
68 207
106 224
1 81
8 90
127 200
28 150
160 41
52 189
237 212
76 114
165 172
59 100
142 155
81 180
226 160
198 41
24 165
89 136
147 70
115 1
240 8
207 148
228 57
192 101
214 14
4 24
156 229
1 117
166 42
76 8
157 127
97 62
240 1
182 70
165 36
153 205
237 43
26 5
86 129
149 53
115 77
102 146
1 1
2 2
3 3
3 4
5 6
6 7
8 9
10 11
12 12
13 14
14 15
15 16
16 19
20 20
22 22
22 22
24 24
25 25
26 26
28 29
30 31
32 32
33 33
33 35
37 38
38 38
39 39
39 39
40 41
42 42
44 45
45 45
46 47
48 49
49 50
52 52
53 54
54 55
55 57
57 58
58 59
59 60
61 62
62 62
62 62
64 65
65 67
69 70
72 72
72 73
73 73
74 75
76 78
80 80
81 82
82 83
84 84
85 85
88 88
89 90
90 91
92 92
93 93
93 94
94 95
95 98
100 101
101 101
102 102
103 103
104 104
105 105
105 108
108 109
110 112
112 113
113 113
113 114
114 114
114 116
118 119
119 119
120 121
121 121
122 123
123 124
126 127
127 127
128 129
130 130
130 131
133 135
135 136
136 137
138 138
138 138
139 140
141 141
142 144
144 145
145 145
146 148
149 150
151 152
152 153
153 154
155 157
158 158
159 160
160 161
162 162
163 164
164 165
165 165
167 167
167 168
168 169
170 173
174 175
175 175
176 176
178 180
181 181
182 183
183 184
185 186
186 187
188 189
190 191
192 194
194 194
195 197
197 198
198 198
200 200
201 201
204 205
207 208
210 211
211 212
214 214
215 216
217 220
221 221
221 222
223 224
224 224
229 230
230 230
234 234
235 235
236 236
237 237
240 240
240 240
241 241
242 243
243 243
243 245
246 246
249 249
251 252
252 253
254 254
255 256
256 258
263 263
264 264
264 265
265 266
266 268
268 271
271 272
273 274
275 276
278 280
282 286
287 287
287 288
288 291
291 292
296 297
298 299
300 301
302 304
305 305
306 309
310 311
311 311
312 314
316 317
318 320
