40 63
86 181
240 159
200 5
21 119
136 81
104 109
124 203
58 77
160 187
22 39
96 224
56 141
38 115
18 73
173 1
208 89
227 52
192 240
119 104
71 16
36 176
1 193
68 50
161 234
16 86
216 68
101 118
34 146
131 196
161 179
117 13
68 84
100 218
237 31
146 50
14 132
194 67
218 100
226 31
15 144
50 197
178 84
67 13
220 161
50 100
32 129
176 141
194 15
50 70
34 91
240 174
222 156
112 131
74 189
34 93
153 239
72 108
204 54
128 172
222 16
78 37
149 240
102 170
125 58
1 18
185 39
122 143
105 200
164 182
72 89
139 19
41 120
5 240
219 61
159 198
77 22
44 111
94 235
134 63
196 175
6 217
25 45
83 158
129 171
234 27
92 110
150 193
9 87
49 170
230 28
72 94
210 140
240 32
189 16
56 116
99 167
210 229
135 163
18 104
59 83
125 157
182 112
203 65
91 224
2 47
35 96
149 160
27 170
203 72
178 80
138 32
52 103
5 164
222 130
148 198
39 21
58 80
177 197
217 9
40 160
89 239
98 68
133 31
150 114
213 52
76 125
191 16
113 164
1 39
139 185
22 90
161 206
96 130
46 27
67 230
80 154
178 105
125 9
53 173
26 212
192 15
64 90
138 165
2 24
43 122
223 74
103 155
205 54
80 28
121 140
180 235
12 90
214 33
80 161
237 156
191 72
44 111
138 231
5 79
176 129
18 26
84 122
152 160
93 216
57 47
25 67
80 205
161 169
110 156
185 238
6 43
81 130
151 165
88 226
232 23
16 56
104 116
127 33
160 165
189 203
76 83
181 139
196 3
47 94
238 1
225 7
25 62
151 109
130 142
215 159
202 39
179 191
61 80
67 90
97 12
26 208
106 126
32 140
155 48
171 184
198 2
62 76
86 96
120 160
240 106
137 147
164 12
23 31
2 41
172 181
1 1
1 2
2 3
3 4
4 4
4 5
5 9
9 9
10 10
10 10
11 11
11 12
16 16
17 17
18 18
18 19
19 21
22 23
23 24
25 26
27 28
29 29
30 31
32 34
34 35
36 36
36 37
37 37
38 39
41 41
42 43
44 45
45 46
46 46
46 47
47 49
50 50
50 51
53 54
54 55
56 56
57 57
58 59
60 62
63 64
65 65
67 68
68 69
69 70
72 72
73 73
73 75
75 76
77 77
78 80
81 82
83 83
84 84
84 85
85 86
86 87
89 90
90 90
91 91
92 93
94 95
95 97
98 98
99 100
101 102
104 104
104 105
105 105
106 106
107 108
109 109
110 112
112 112
113 113
114 115
116 117
119 119
120 120
120 122
124 124
124 126
126 126
126 126
128 128
131 131
131 132
133 133
133 135
135 136
136 139
139 139
140 140
141 142
144 145
146 146
147 148
151 151
151 152
152 153
153 153
157 157
158 158
158 158
160 160
160 161
161 162
162 163
163 163
165 165
167 168
168 168
169 170
170 170
171 173
173 175
175 175
176 176
177 181
182 183
183 184
184 186
186 186
186 187
189 190
193 193
193 194
195 195
195 195
197 197
198 199
199 199
201 201
201 202
203 204
205 205
206 208
209 211
212 212
212 213
214 214
214 216
216 218
218 218
219 220
220 221
222 222
222 223
227 227
228 230
230 230
231 232
232 233
235 236
236 236
237 237
237 238
240 240
240 240
240 240
241 241
242 243
245 246
246 246
248 249
250 251
251 252
253 253
253 254
256 256
257 257
257 260
261 261
265 266
266 268
268 268
268 268
269 269
269 270
270 271
273 276
277 279
280 281
281 281
281 283
284 285
285 286
286 287
288 289
290 291
293 294
296 298
298 298
299 302
303 303
304 306
306 306
309 311
312 312
314 314
316 316
316 317
317 317
317 318
318 318
320 320
320 320
