85 133
152 171
227 45
93 111
160 189
1 210
240 72
19 81
137 156
191 91
99 115
59 215
158 65
80 142
14 33
116 177
236 51
196 208
221 12
71 97
128 28
161 205
44 181
146 240
7 74
156 225
59 27
99 114
209 130
147 24
40 156
187 5
116 170
235 23
55 73
131 100
207 228
149 1
85 116
71 171
190 23
38 55
131 100
5 86
231 22
116 171
178 54
97 4
131 151
38 66
21 83
173 113
215 4
53 162
209 83
94 129
147 240
4 193
23 65
4 44
127 175
109 84
218 27
142 240
46 192
106 156
25 61
235 7
175 80
31 221
192 238
102 122
207 54
77 11
137 75
96 207
238 57
152 171
117 135
24 41
92 72
112 170
208 13
150 30
188 63
46 86
239 16
149 127
169 35
108 186
123 81
145 62
102 39
236 182
122 204
1 46
162 24
92 141
221 68
119 8
50 161
1 81
181 240
87 115
221 56
11 35
76 109
134 17
26 155
176 64
43 198
17 57
70 102
155 48
130 217
23 90
55 195
4 116
174 159
150 213
82 100
129 10
149 170
191 240
40 53
121 20
85 212
102 165
67 234
143 4
28 77
65 116
91 210
158 42
81 48
183 229
19 130
106 57
207 29
77 125
5 165
224 144
90 16
42 117
221 176
157 55
108 197
26 71
6 131
92 43
166 240
190 214
232 65
143 109
25 53
78 103
112 185
63 91
129 31
81 205
168 38
8 46
1 159
199 20
236 114
80 192
63 148
138 35
87 225
105 180
118 41
16 10
160 207
214 58
69 80
135 150
29 92
120 1
48 179
80 104
16 169
63 83
96 156
112 133
145 15
21 1
43 190
51 60
81 95
109 125
139 1
153 240
2 17
2 31
41 161
188 1
1 1
1 1
2 2
2 2
2 3
4 4
5 7
8 8
8 8
10 10
10 11
11 14
16 16
16 17
17 17
17 17
18 19
21 22
23 24
24 24
25 25
26 28
28 29
30 31
31 32
32 33
34 34
34 34
36 37
38 39
39 40
41 41
41 43
44 44
44 44
45 45
45 47
48 48
50 51
51 51
52 53
53 53
54 56
56 56
58 58
59 59
61 63
64 64
64 66
66 67
67 69
70 70
72 72
72 74
75 75
75 75
76 78
78 80
80 81
81 81
81 82
83 83
84 86
86 88
89 90
90 91
91 91
92 92
93 95
95 96
96 97
97 97
98 99
100 101
104 104
104 104
106 106
106 107
108 111
111 111
112 112
113 113
115 115
117 118
119 120
120 121
122 122
123 124
126 127
129 130
131 132
133 133
134 134
136 137
137 138
139 139
140 142
142 143
146 146
147 147
147 148
148 148
149 150
151 152
153 154
155 157
157 157
158 158
158 158
159 160
160 161
161 162
164 164
165 166
166 167
168 169
169 170
171 172
173 174
174 175
175 177
178 179
179 181
182 183
186 187
188 188
188 189
190 191
191 192
193 193
193 196
196 199
199 200
203 203
204 204
204 206
207 208
209 209
210 210
211 212
213 214
215 218
219 219
219 221
222 224
225 225
225 226
226 228
228 229
234 234
234 236
236 236
237 237
238 241
241 241
241 241
242 243
243 244
245 245
245 246
247 248
249 251
251 253
254 254
255 256
256 257
257 258
260 260
261 262
262 263
264 268
269 270
270 270
272 273
273 275
275 276
276 276
281 283
285 287
288 289
290 291
291 291
291 292
294 295
296 300
301 301
302 303
306 310
310 310
312 312
313 315
316 317
318 320
320 320
320 320
