50 102
117 162
193 234
15 68
148 1
33 85
178 116
234 34
49 67
161 212
15 193
100 84
145 31
235 66
175 15
116 50
81 145
190 209
156 33
66 86
51 106
14 188
237 171
146 203
34 52
108 167
17 87
123 218
70 142
237 33
93 163
54 117
183 139
73 18
198 35
55 136
158 1
119 213
232 178
196 86
103 35
134 153
57 21
232 75
211 1
91 38
173 59
108 125
147 77
210 188
230 3
21 97
123 40
60 78
170 142
184 6
42 123
163 206
100 23
136 64
183 5
86 107
224 46
153 202
30 70
130 180
10 112
222 148
175 117
72 96
170 138
125 216
237 104
79 17
61 109
162 216
40 85
191 151
45 66
116 161
1 177
19 235
143 161
211 52
93 35
1 71
189 80
209 231
160 22
37 54
101 115
80 7
146 44
163 226
120 65
89 138
204 30
177 125
52 151
15 219
103 109
143 59
79 40
4 166
190 117
235 31
91 129
138 210
52 22
39 66
96 129
161 186
225 204
29 11
76 102
150 178
56 236
17 115
168 86
218 131
41 66
152 47
25 103
177 226
46 161
203 85
57 172
240 123
151 18
91 189
141 233
228 68
98 3
218 37
80 44
173 182
11 122
198 160
18 56
94 142
164 100
178 239
234 29
69 77
224 36
117 128
139 45
201 216
7 80
88 160
194 210
96 151
182 1
11 59
161 81
106 23
238 36
43 74
163 173
121 155
228 27
141 214
222 114
155 171
34 53
187 192
10 73
204 1
80 86
102 110
31 38
118 234
138 153
44 167
184 197
60 4
211 75
88 2
9 98
108 134
160 118
150 24
36 171
181 193
52 78
214 228
240 66
5 91
102 116
139 154
23 12
205 37
178 221
231 167
193 1
28 70
112 91
45 80
103 62
156 72
150 88
168 80
11 161
240 1
27 42
54 190
208 1
1 1
1 1
1 2
3 3
4 4
4 5
8 8
10 10
11 11
11 12
12 13
14 14
17 17
18 18
19 19
21 21
22 22
22 23
24 26
26 27
27 28
29 29
30 31
34 35
36 36
37 38
38 38
38 39
41 41
42 43
44 45
45 45
47 48
49 49
50 51
52 52
53 53
54 54
55 56
58 58
59 59
59 60
61 61
62 63
64 64
66 66
67 67
67 68
69 70
71 73
74 74
74 74
75 75
75 76
78 78
81 81
81 81
81 82
83 84
86 86
88 88
88 88
90 90
90 94
94 94
94 95
95 95
98 100
101 102
103 105
106 107
107 107
108 109
111 112
113 113
113 114
115 115
117 118
118 118
118 119
119 120
121 123
123 123
124 124
125 126
126 126
127 128
128 129
130 130
130 132
134 136
137 137
138 138
139 140
141 141
141 141
143 144
145 148
148 149
149 151
152 152
154 154
155 156
156 156
157 157
158 158
158 158
158 160
161 161
161 161
161 161
161 162
164 166
167 167
167 167
167 169
171 173
173 173
174 174
175 176
176 178
179 182
182 182
183 186
187 187
189 190
190 190
191 191
193 193
193 194
194 195
196 196
200 200
201 202
204 204
204 205
206 206
207 208
208 208
210 211
212 212
212 213
216 216
216 217
219 221
221 222
223 223
223 224
224 224
224 224
224 225
225 226
229 229
229 229
230 232
233 234
235 236
236 237
237 238
238 238
240 240
240 240
241 241
241 243
243 243
243 244
244 244
248 248
249 250
251 254
254 254
254 257
258 259
259 261
261 262
263 264
267 267
270 270
270 270
272 272
273 273
275 278
278 278
278 281
282 282
283 283
285 286
288 289
290 292
294 296
297 298
299 299
299 299
300 300
301 301
303 303
304 305
306 306
308 308
309 309
310 311
314 316
316 316
317 318
320 320
320 320
