168 29
93 207
237 11
46 194
221 29
240 77
95 3
152 131
186 207
51 7
240 160
183 1
61 113
13 80
32 52
227 176
235 44
238 22
59 194
122 86
32 231
13 112
153 240
135 144
68 182
93 5
23 122
166 115
38 61
82 155
146 108
195 218
177 138
228 10
27 100
240 68
125 42
92 116
220 228
1 19
183 55
142 174
238 67
83 104
134 30
154 217
9 122
235 44
60 76
184 147
173 18
110 135
161 1
199 76
126 231
32 150
180 48
85 68
169 98
42 114
221 23
187 93
58 74
128 235
1 88
137 161
15 31
103 206
67 187
83 149
235 27
100 221
172 1
9 47
23 39
75 30
137 219
115 40
1 30
193 133
158 206
232 150
127 212
85 164
238 49
198 218
64 117
137 81
203 155
240 14
70 92
23 57
165 204
240 148
221 106
184 205
165 219
1 106
199 156
102 216
64 31
230 121
210 103
190 41
168 227
30 93
57 20
142 224
1 104
160 201
177 126
218 105
168 191
214 234
161 21
209 181
111 202
80 222
111 92
195 216
240 183
77 197
227 1
57 9
28 113
1 5
6 8
9 10
14 15
21 24
30 31
31 32
33 35
36 36
41 43
43 45
46 47
47 51
52 52
53 53
53 55
58 60
60 61
63 63
64 65
67 67
68 68
68 71
72 72
74 74
76 77
77 78
78 80
81 81
81 81
83 85
85 85
86 87
87 89
89 89
89 90
91 94
96 97
97 97
98 98
98 100
100 100
100 103
104 104
104 107
108 108
109 110
110 111
111 111
111 113
115 116
118 119
119 121
122 124
124 124
125 125
125 126
127 128
128 129
134 134
136 137
137 138
139 139
139 140
143 145
146 147
148 148
148 149
150 150
151 153
153 154
154 154
155 156
158 158
160 160
160 161
161 161
162 163
164 165
165 166
166 169
172 173
174 174
176 178
180 181
184 185
186 186
186 188
188 189
193 194
194 195
200 200
200 200
200 201
201 202
206 208
209 210
213 213
217 220
221 221
223 226
227 228
229 232
232 233
233 233
234 234
236 240
240 241
242 244
244 244
245 248
249 253
255 256
256 260
261 263
265 266
267 270
272 274
275 276
278 281
283 287
294 297
298 301
303 316
316 316
