129 184
80 98
193 145
20 211
7 80
174 240
41 51
67 125
159 30
81 205
115 142
13 86
1 62
165 221
148 99
113 183
36 80
230 194
172 22
155 1
217 91
72 109
47 123
186 130
146 233
18 165
198 80
90 107
7 47
127 160
181 29
38 140
189 225
213 65
77 15
201 59
110 235
8 49
127 178
39 142
1 214
71 156
191 89
112 18
57 122
203 225
178 234
10 153
4 35
87 98
114 76
190 122
160 240
67 27
131 168
199 221
56 137
147 48
15 110
84 208
77 128
156 39
229 66
136 190
1 28
54 147
200 231
19 92
104 161
178 237
125 43
74 131
62 189
208 7
148 26
50 100
173 80
115 230
21 128
180 234
61 139
214 240
12 30
165 52
192 99
81 150
180 119
201 44
74 227
65 161
177 211
59 160
35 234
113 10
81 88
144 191
216 164
27 52
101 126
240 69
45 107
22 161
177 202
224 154
38 112
59 85
132 161
228 114
183 73
167 206
33 13
51 99
139 233
188 218
47 117
28 169
205 83
100 188
235 61
44 116
137 151
4 81
206 115
221 61
170 151
187 21
195 240
5 170
35 95
208 148
222 113
21 161
239 92
1 196
55 149
127 181
207 222
20 108
164 87
66 124
4 207
163 145
179 192
219 1
41 122
158 59
142 175
76 191
5 117
223 154
172 69
204 6
90 113
191 133
12 59
86 168
161 185
220 146
240 32
81 11
102 143
163 122
198 217
181 13
95 240
116 176
23 139
195 236
85 133
175 154
192 213
232 128
148 17
57 188
165 182
156 201
151 43
196 168
5 1
1 2
2 3
6 8
8 10
10 12
15 16
16 17
17 17
19 19
19 20
20 21
22 25
25 25
25 27
28 28
28 29
29 30
31 32
35 35
37 38
39 40
40 41
41 42
43 46
46 47
48 48
49 49
50 51
52 53
54 54
55 55
55 56
56 57
59 59
60 60
61 61
61 62
64 64
65 66
66 67
68 69
69 69
70 70
73 73
73 74
74 78
78 79
80 81
81 81
81 81
82 82
83 83
83 84
85 85
86 87
87 88
88 89
91 92
92 93
93 94
94 94
95 95
97 98
98 100
101 102
102 104
104 105
105 105
105 105
106 107
108 109
109 111
114 115
116 116
117 117
117 117
119 119
119 121
123 124
124 125
127 127
127 128
128 128
129 129
130 132
132 132
133 133
134 134
136 137
137 140
140 141
141 142
143 144
145 145
146 146
146 146
147 148
148 150
152 152
153 155
155 156
156 156
156 156
157 160
160 161
161 161
162 164
165 165
166 166
166 167
168 168
168 170
170 171
172 174
174 176
176 177
178 179
179 179
180 181
181 181
181 184
187 187
188 188
189 189
190 190
191 191
192 195
195 197
197 198
199 199
200 201
201 201
202 203
205 206
206 207
207 207
207 209
209 210
211 213
213 214
215 217
218 218
218 218
220 220
221 224
225 225
225 226
226 227
229 230
231 233
234 234
236 236
236 237
238 240
240 241
241 242
245 246
247 247
248 248
249 249
253 253
254 255
255 256
258 259
260 261
262 263
263 265
266 268
268 270
272 274
275 275
278 281
283 285
286 287
295 298
306 307
313 314
316 317
