43 108
117 145
155 166
176 236
80 3
202 225
62 23
238 153
109 166
124 94
199 33
75 63
51 228
17 155
240 96
106 119
179 36
85 3
170 28
68 196
161 57
117 201
50 219
90 154
167 237
135 39
102 3
78 28
95 209
58 145
153 127
14 163
177 101
183 239
8 35
72 199
144 218
1 23
61 115
161 101
48 181
16 83
92 192
234 40
130 204
69 119
142 7
62 171
28 81
220 102
55 93
231 194
19 25
47 13
123 132
142 164
208 70
175 188
38 19
62 96
231 150
1 160
205 128
166 88
174 11
118 240
29 49
78 183
108 189
219 198
4 39
99 228
21 67
135 161
128 169
91 179
207 117
238 33
53 187
218 9
79 105
155 198
69 143
229 93
175 12
29 124
181 41
112 188
57 101
76 2
150 158
197 17
36 136
222 70
164 119
173 229
31 61
79 11
187 45
101 214
26 148
240 128
93 122
198 228
5 43
167 113
81 107
19 207
224 58
160 135
176 74
191 237
22 148
212 12
115 81
173 91
68 153
28 108
200 223
85 130
158 178
5 139
78 118
58 160
228 1
97 144
212 184
91 233
163 34
1 17
127 213
106 88
145 48
181 195
161 1
69 124
145 64
85 105
161 213
195 48
156 237
15 139
29 212
63 117
237 44
190 156
135 96
191 211
11 63
169 237
80 150
223 45
129 108
205 166
43 65
27 83
186 204
219 163
233 46
141 27
101 117
183 199
1 216
156 231
26 46
108 175
194 130
153 212
52 228
99 172
189 9
121 148
207 50
70 222
185 141
240 161
182 52
32 236
134 219
200 154
177 213
122 231
12 170
211 16
137 228
164 53
204 19
94 223
200 1
240 217
191 240
117 55
236 1
1 1
1 1
1 1
1 2
3 5
8 9
10 11
12 13
13 14
15 17
18 18
21 23
23 25
25 25
26 26
26 27
28 29
30 30
31 31
31 33
34 35
35 36
36 39
39 39
39 40
41 42
43 43
45 46
46 48
49 49
50 51
51 51
52 53
53 54
56 57
57 59
59 60
60 60
60 60
62 64
64 65
65 65
66 66
68 69
69 70
70 70
71 72
72 73
73 73
74 76
76 76
77 80
80 80
81 81
81 81
81 81
83 84
85 87
88 88
89 89
90 91
91 91
92 92
93 93
94 94
94 95
95 95
96 98
98 98
100 101
101 101
101 102
102 103
103 104
104 105
105 105
107 107
108 109
109 109
111 111
112 114
114 115
116 116
118 118
119 119
119 120
121 121
123 125
126 127
128 128
128 128
129 129
129 129
130 130
132 133
135 136
137 137
138 138
139 139
139 141
141 141
142 143
144 144
144 145
145 145
146 150
150 152
152 152
153 154
156 156
157 157
157 160
160 160
161 161
162 163
164 165
165 166
166 168
168 169
170 171
171 173
174 175
175 176
176 176
177 177
177 178
181 183
183 184
185 187
187 188
188 189
190 190
191 191
191 192
193 194
195 197
198 198
198 198
200 201
202 202
203 204
206 207
207 208
208 208
209 209
210 212
214 216
216 217
217 217
217 218
218 218
220 220
222 222
223 227
227 228
228 228
228 230
231 231
233 233
234 234
234 236
236 237
237 238
238 241
241 242
242 242
245 245
245 247
247 248
249 249
251 254
254 254
255 256
257 258
259 262
263 263
264 265
265 267
268 269
270 272
273 276
277 278
278 281
284 286
286 288
289 290
292 293
298 299
305 306
307 310
311 313
316 317
