13 72
83 93
99 106
158 176
62 33
115 146
215 53
240 121
166 136
23 196
221 45
152 81
92 73
180 112
138 203
1 66
185 34
57 208
7 119
231 97
144 178
28 52
193 161
215 1
129 147
103 19
80 109
174 43
133 198
150 161
74 93
61 37
11 117
98 54
80 160
185 203
30 139
7 102
121 2
45 83
208 166
187 226
103 151
40 88
19 213
126 186
171 232
34 57
199 16
105 88
120 186
14 153
240 32
49 71
214 230
87 135
170 200
12 103
121 218
240 68
7 27
137 186
200 40
49 104
153 217
135 170
176 240
24 98
118 236
5 161
81 154
176 60
188 39
131 200
216 96
111 77
55 37
55 150
175 232
21 132
109 200
3 91
163 187
240 222
49 71
145 29
106 129
174 185
235 4
210 24
85 125
144 198
158 172
103 80
40 57
185 4
24 122
138 155
169 234
207 194
199 74
96 218
47 113
18 133
149 166
68 91
10 215
28 128
202 232
36 178
64 23
1 86
144 7
104 231
57 160
213 122
194 77
13 52
97 119
40 76
137 191
24 171
230 6
71 155
209 16
91 189
12 150
113 167
228 57
106 1
28 81
208 50
76 148
43 126
219 204
226 9
19 53
164 183
1 39
100 122
70 139
202 84
29 119
180 95
59 157
12 48
136 222
3 108
115 31
93 198
68 174
41 49
86 14
127 237
218 1
105 149
195 51
78 24
172 74
96 120
233 14
213 2
42 67
190 34
166 59
112 97
139 24
80 157
211 230
16 49
72 132
187 228
3 101
35 181
206 66
120 15
174 223
91 149
198 49
80 142
31 215
1 193
74 17
157 104
214 66
134 185
209 27
53 161
120 155
193 225
96 119
182 232
45 59
161 200
10 25
175 78
81 116
1 152
166 223
36 193
141 240
59 66
164 25
105 194
209 237
4 130
230 17
151 75
33 176
117 220
86 62
141 75
135 198
168 156
98 9
52 80
107 240
130 190
88 23
38 118
1 173
222 228
80 14
97 138
64 160
240 80
130 49
14 27
119 8
190 100
150 160
180 110
141 1
74 130
171 156
80 210
117 142
195 207
6 25
71 108
50 195
15 184
236 160
58 81
195 1
1 1
1 1
1 1
1 2
3 3
3 3
4 4
5 5
7 8
8 8
9 10
12 12
14 14
15 15
15 16
16 16
18 18
18 19
19 20
21 21
21 22
22 22
24 25
26 26
26 27
29 29
29 29
30 30
30 32
32 33
33 36
37 38
38 39
40 40
41 41
41 42
42 45
45 45
48 48
49 49
50 50
50 51
52 53
53 54
54 55
55 57
57 58
58 59
60 60
61 61
62 63
63 64
65 65
65 65
65 67
67 67
67 69
69 69
71 71
72 73
73 73
73 73
74 74
75 76
77 78
78 78
78 80
81 81
81 82
82 83
83 83
84 84
85 86
86 86
87 87
88 89
91 92
92 92
92 93
93 94
94 95
95 95
95 95
96 98
98 98
99 100
100 102
102 102
103 103
105 105
105 105
105 106
107 108
109 110
111 111
112 112
112 113
113 114
114 115
116 116
117 117
117 119
120 121
121 121
121 122
122 124
124 125
125 125
125 126
126 127
129 130
130 130
131 132
132 133
133 133
134 134
135 136
136 140
140 141
141 141
141 142
142 142
144 144
144 144
145 147
148 149
149 150
151 151
153 154
155 155
155 155
156 156
156 157
158 158
160 160
161 161
161 161
161 162
162 163
163 164
164 165
166 167
169 169
171 172
172 173
173 173
174 176
176 176
177 178
178 179
180 181
181 181
182 182
183 184
186 186
186 187
188 188
189 189
190 191
191 192
193 195
196 196
196 198
199 199
200 200
201 201
203 203
205 206
206 207
207 208
208 210
210 211
211 212
212 212
215 217
218 218
218 219
219 219
222 222
225 226
226 227
227 228
230 230
231 231
233 234
234 235
237 237
237 238
240 240
240 241
241 241
241 242
242 242
242 243
243 244
245 245
246 247
247 247
247 248
249 250
250 252
252 253
254 254
255 257
257 258
258 259
260 260
261 264
264 265
266 267
268 268
269 269
269 270
272 273
275 275
275 275
275 276
277 279
280 280
281 282
282 282
282 283
286 288
288 291
292 292
293 293
294 295
296 296
297 297
302 302
302 303
305 305
307 307
307 307
308 309
309 310
311 312
313 315
315 315
315 316
316 317
317 317
318 320
320 320
