1 27
93 121
130 200
208 50
135 81
239 23
165 71
188 108
14 34
152 173
58 95
114 224
122 87
77 130
161 136
48 180
8 68
145 151
209 233
166 38
61 107
4 98
89 127
154 199
54 236
82 134
221 1
50 73
159 24
207 112
68 176
44 227
161 144
119 189
17 125
212 96
149 166
59 35
90 109
215 231
10 77
133 54
161 114
176 199
217 28
71 155
47 6
118 137
92 24
181 221
62 99
201 237
19 81
120 167
105 58
142 225
160 36
78 186
212 74
123 52
137 168
200 17
34 106
225 89
152 186
213 50
67 106
138 8
81 121
31 153
213 86
200 46
58 68
121 168
1 26
228 152
8 116
82 191
41 99
169 201
24 148
213 227
5 59
114 129
95 1
148 166
189 57
74 212
127 178
199 109
232 40
23 89
161 5
69 146
124 49
188 198
221 160
209 3
25 104
143 229
43 64
81 174
186 121
99 6
60 81
139 77
155 170
183 45
25 218
210 115
228 94
14 40
4 131
68 149
165 180
88 111
214 226
240 10
128 145
192 49
57 84
1 160
105 44
239 123
174 206
223 8
28 77
1 140
97 34
72 116
137 153
202 237
10 184
46 61
170 219
92 23
28 17
37 64
80 201
110 165
131 34
180 235
27 81
124 218
101 163
49 70
143 5
177 213
233 195
72 92
61 31
119 139
154 81
19 212
10 103
50 136
192 113
171 79
151 229
68 33
94 126
207 17
52 111
87 166
185 2
104 10
142 61
35 225
162 122
3 205
96 182
198 18
71 44
136 113
158 237
1 34
221 85
199 61
22 177
54 129
151 77
114 98
8 44
168 197
235 217
144 36
67 89
190 233
163 213
23 54
117 48
83 4
157 228
11 106
182 205
33 236
59 80
168 9
66 132
153 182
228 72
98 105
147 221
10 200
48 177
18 91
40 219
34 117
240 1
81 110
192 144
214 78
167 68
163 208
43 108
236 134
59 182
25 1
94 174
227 57
219 14
50 198
149 71
84 171
38 114
214 240
139 234
17 158
29 3
45 125
182 149
224 86
174 206
160 106
237 115
20 62
138 164
41 194
8 33
48 95
232 69
187 179
23 80
106 145
1 82
240 72
166 117
138 57
24 127
6 196
17 189
232 240
33 115
203 1
1 1
1 1
1 1
2 2
3 3
4 4
5 7
10 11
11 11
11 12
13 13
13 14
15 17
17 17
18 19
19 20
20 21
21 21
22 23
24 25
26 27
27 29
29 29
29 30
30 31
32 32
33 34
34 34
35 35
36 37
37 38
38 39
40 41
42 43
43 43
44 44
44 45
46 47
47 47
47 51
51 51
52 52
53 54
54 54
55 55
56 58
59 59
59 60
62 62
62 63
63 64
64 65
65 65
65 67
68 68
68 69
70 70
70 72
73 73
74 74
75 75
76 76
76 78
80 80
80 80
81 81
81 81
82 82
83 86
86 86
87 87
89 89
89 89
89 90
90 90
91 93
94 95
96 97
97 97
98 99
99 99
99 100
101 101
101 104
106 106
106 106
107 107
107 108
108 108
109 109
111 112
112 112
113 113
113 114
116 116
116 116
118 118
119 119
119 119
119 120
120 120
120 121
122 123
126 126
126 126
127 127
127 127
128 129
129 130
131 131
132 133
133 134
134 135
135 135
135 137
137 138
138 138
140 140
140 140
141 141
142 143
144 145
146 146
147 147
147 147
148 148
148 149
149 151
152 152
155 155
155 155
156 157
157 158
158 158
158 159
161 161
162 162
162 162
162 163
163 165
166 166
166 167
169 169
169 170
171 172
172 172
173 174
174 174
175 177
177 178
179 179
179 179
180 181
181 182
182 184
184 184
187 187
188 188
189 190
191 191
192 193
194 194
194 195
195 195
196 197
198 198
199 200
200 201
202 203
203 204
204 204
205 205
207 207
208 208
208 209
211 211
213 213
214 215
215 217
217 217
218 218
219 221
221 221
222 222
223 224
225 225
225 227
227 228
229 230
230 230
233 233
234 234
234 236
236 236
236 237
238 240
240 240
241 241
241 241
241 241
242 242
242 243
243 244
244 245
245 246
246 248
248 249
249 249
250 251
251 251
252 253
255 255
256 256
256 257
257 257
258 261
261 262
264 264
264 265
266 266
267 267
267 268
271 271
271 273
273 275
275 277
277 278
278 279
282 283
283 283
284 284
288 288
289 290
292 293
294 295
295 295
296 298
298 299
300 300
302 302
303 303
304 306
306 307
307 309
311 311
312 312
313 313
314 315
315 316
316 317
317 318
319 320
320 320
