61 159
183 192
123 102
146 168
238 28
9 52
89 108
220 115
80 124
155 71
130 174
42 62
145 3
204 161
228 33
55 101
91 148
193 82
121 211
1 232
48 76
216 128
153 67
202 238
44 107
171 62
157 222
38 139
113 183
207 119
143 91
160 12
54 210
30 227
85 103
147 127
72 6
49 109
171 194
212 150
24 65
132 113
42 216
2 177
196 95
233 20
57 115
162 75
220 16
100 137
181 239
53 208
32 69
118 133
164 196
48 101
156 222
30 182
237 13
147 209
85 64
101 134
29 46
116 5
226 149
196 209
179 28
83 240
6 118
165 224
43 55
64 148
24 112
187 6
165 57
96 197
39 209
224 145
76 22
111 126
56 4
92 163
186 238
39 145
209 124
174 196
54 72
229 1
107 158
87 143
21 67
122 185
195 218
4 48
206 140
157 226
171 101
183 62
80 3
24 42
119 97
137 152
181 59
168 240
5 76
80 216
203 208
226 113
24 92
130 148
178 14
40 163
67 5
110 212
224 238
87 208
143 190
41 127
57 10
49 84
158 104
173 204
222 237
122 44
77 139
9 29
97 73
34 137
152 201
236 116
183 218
169 61
152 11
47 91
200 110
164 18
38 80
131 234
179 35
29 217
11 125
81 163
102 143
233 51
177 213
72 195
8 74
93 140
155 63
120 212
33 104
21 192
12 137
52 172
114 229
81 152
96 70
208 36
127 186
167 20
54 89
144 5
106 71
225 63
124 163
38 206
184 99
7 140
74 160
239 22
116 48
222 201
38 89
240 178
65 131
154 26
117 57
1 80
101 170
198 236
219 13
147 71
192 234
93 40
215 120
28 58
230 87
185 207
52 162
1 9
110 16
38 70
102 156
223 1
202 64
80 53
96 129
157 181
201 221
15 169
24 46
121 161
240 195
40 86
148 217
6 239
167 73
48 112
208 185
65 161
178 230
32 99
1 201
8 153
56 21
175 84
77 217
119 44
197 237
143 163
6 24
13 35
186 128
227 52
153 80
178 208
1 91
216 121
142 168
27 68
197 161
3 101
16 234
39 54
191 76
80 183
150 111
1 7
177 170
77 142
240 209
67 132
199 30
192 6
23 160
190 113
120 1
1 1
1 2
3 3
4 4
5 6
6 6
6 6
7 8
9 9
11 11
11 13
13 13
14 14
15 15
18 19
19 20
21 21
22 22
22 23
23 24
24 24
25 26
27 27
27 28
28 29
31 31
31 32
32 34
34 35
36 36
37 37
38 39
39 40
40 41
41 41
43 45
46 46
46 46
46 46
48 49
49 51
52 53
53 54
54 55
56 56
57 57
57 57
59 59
60 60
61 62
62 63
64 65
66 66
66 67
67 68
68 69
70 71
71 71
72 72
72 73
74 74
74 75
75 75
77 77
78 78
78 80
81 81
81 82
82 82
82 83
83 83
83 85
87 88
89 89
90 90
90 91
91 91
92 93
94 94
94 95
96 97
98 98
98 99
99 99
100 100
100 101
101 101
102 103
104 106
106 107
107 107
108 108
108 109
110 110
111 111
111 112
113 113
114 114
115 115
115 115
117 119
119 119
120 120
120 121
121 121
121 122
122 122
124 125
125 127
127 127
128 128
128 129
130 130
130 130
130 131
131 132
132 134
134 135
136 136
136 136
139 139
139 139
139 140
141 142
142 143
144 144
146 148
148 148
148 148
149 149
150 151
153 153
154 154
154 154
156 156
157 157
157 157
157 158
161 162
162 163
163 164
164 165
166 166
167 167
167 168
168 170
172 172
172 172
173 173
173 175
176 177
177 178
178 180
180 181
181 182
182 184
185 186
187 187
188 189
190 190
190 191
192 192
193 193
195 195
195 196
196 198
199 200
200 201
201 201
202 202
203 204
206 207
208 208
209 210
211 211
212 212
213 214
214 214
215 215
215 216
217 219
220 220
220 221
222 222
225 226
226 227
228 229
229 230
230 231
231 231
233 234
236 236
236 236
237 237
238 240
241 241
241 241
241 241
241 242
242 244
244 244
244 244
245 246
246 246
246 247
250 251
252 253
253 254
255 257
258 258
258 259
259 261
261 262
262 263
264 265
266 267
268 269
270 270
271 272
273 274
275 276
276 277
278 279
280 282
283 283
283 284
284 284
289 290
290 292
292 293
294 295
295 296
296 297
297 297
299 299
300 302
303 306
306 306
307 308
308 308
309 311
311 311
312 312
314 314
316 317
318 320
