157 240
202 16
80 33
43 63
20 86
80 218
118 240
189 12
23 70
216 1
60 166
35 106
185 229
130 160
147 83
96 40
123 161
25 51
7 63
134 223
184 79
196 98
232 105
156 120
209 134
23 38
10 181
50 63
80 148
223 193
88 155
103 115
205 240
9 182
21 54
44 69
76 95
157 196
111 238
125 211
54 176
8 22
41 80
66 142
93 222
188 110
158 41
240 196
18 28
56 131
75 173
144 101
160 209
122 233
42 76
81 63
218 9
53 161
192 172
240 80
117 153
203 124
184 36
137 14
27 100
53 233
108 214
64 150
240 125
221 81
160 202
97 137
227 25
47 111
209 191
80 119
87 178
234 129
154 9
77 137
61 35
48 166
184 10
20 74
148 228
3 192
210 240
51 97
231 31
173 133
154 104
199 178
9 61
72 143
219 238
117 160
86 203
186 125
96 19
168 210
64 80
136 110
161 193
8 51
38 230
172 28
142 89
194 177
97 149
216 60
50 71
121 161
237 12
40 156
129 183
203 221
1 62
75 106
136 240
187 204
161 18
225 110
36 117
189 210
229 63
142 81
112 51
96 214
86 240
161 169
231 60
73 94
115 141
31 114
52 175
100 127
213 232
85 73
145 10
34 50
193 80
124 161
31 74
176 232
40 213
61 193
12 50
110 173
235 5
153 211
42 229
208 80
165 89
6 97
187 52
206 12
121 74
39 223
89 14
56 80
221 6
240 66
120 1
2 3
4 4
9 9
9 10
10 11
12 14
14 15
26 26
26 26
27 27
27 28
29 31
33 34
34 38
39 40
44 44
44 46
46 47
47 47
47 48
50 52
53 53
54 54
57 58
60 61
61 62
62 63
64 65
66 66
67 68
68 69
71 72
73 76
76 77
77 78
80 81
83 84
84 85
85 89
89 90
90 91
91 91
91 92
92 94
95 96
98 99
101 101
102 103
103 103
104 105
105 107
108 108
109 112
113 114
115 115
116 116
117 117
117 117
119 119
122 122
122 123
124 124
128 128
129 129
129 130
130 131
131 133
136 136
137 137
138 138
138 140
142 142
143 144
144 145
146 147
148 150
151 151
152 152
153 156
156 157
158 158
158 158
161 161
162 163
163 164
164 164
165 166
167 167
168 168
170 170
171 171
172 175
175 176
176 176
176 177
177 179
179 180
181 183
184 185
186 187
187 187
188 188
188 189
189 190
191 192
193 193
195 195
198 199
199 199
200 201
201 201
201 202
203 205
206 209
209 209
209 213
213 214
214 214
214 216
216 217
218 218
220 221
224 224
225 229
232 232
233 233
236 236
237 238
238 240
240 240
241 241
241 241
241 245
245 246
246 248
248 248
248 250
251 251
253 254
254 255
258 260
260 261
261 262
263 265
266 267
267 270
271 273
275 275
279 279
279 285
286 287
288 288
289 290
292 293
294 298
299 303
304 305
305 308
309 311
313 314
316 316
317 320
