93 103
190 80
117 160
129 240
145 207
217 51
154 161
240 15
28 41
67 78
87 101
193 240
116 232
126 157
144 209
1 24
80 13
222 240
45 58
68 87
110 100
191 238
141 210
77 11
24 37
48 84
94 60
187 235
141 7
205 37
106 168
118 20
8 64
49 31
74 144
240 86
155 189
204 101
240 120
127 161
215 176
141 187
34 47
15 155
227 73
85 199
101 110
167 124
174 211
240 136
33 21
45 160
223 4
15 66
77 91
200 238
97 116
132 175
214 1
32 45
76 144
11 64
87 193
161 240
130 205
240 41
176 51
78 1
160 96
212 150
191 121
141 225
63 31
83 101
17 74
11 233
208 136
161 171
143 218
14 26
35 48
57 102
200 73
119 155
191 6
142 100
115 236
80 217
66 154
165 128
224 137
206 105
29 193
146 67
80 154
1 219
240 85
181 199
24 164
206 240
14 69
225 50
115 1
121 148
28 193
213 80
89 158
233 103
12 140
201 37
113 80
27 224
151 208
125 1
55 45
187 156
105 147
76 162
66 86
56 110
136 194
240 170
1 86
143 197
216 235
80 100
120 90
34 200
240 80
125 53
12 202
131 223
156 95
126 28
227 210
114 75
156 86
47 10
66 188
115 227
88 26
158 180
51 197
207 86
137 108
55 75
65 211
107 124
161 22
81 161
226 4
155 1
1 1
2 3
3 4
4 5
5 5
10 10
10 10
15 15
16 18
19 19
19 21
21 22
22 23
25 27
27 32
33 34
36 36
37 38
38 38
38 40
41 42
44 45
48 52
54 55
55 55
56 57
58 60
60 63
64 64
66 70
70 72
73 74
74 75
76 76
76 76
78 80
80 81
82 82
85 86
86 86
87 90
90 91
91 92
93 93
94 95
96 97
99 99
101 101
101 101
104 106
107 107
107 107
108 108
109 109
111 111
111 113
116 118
119 119
120 121
122 122
122 123
123 124
125 126
126 132
132 133
134 134
135 136
137 137
138 138
139 140
142 146
146 147
149 149
149 150
150 151
152 153
157 157
158 160
160 161
161 161
161 161
161 161
164 164
164 164
165 172
173 175
175 176
176 178
178 178
179 182
184 184
185 186
188 189
191 192
192 193
193 194
195 195
195 197
200 201
201 202
202 202
203 203
205 206
207 209
209 209
211 212
213 214
215 217
218 218
219 219
223 224
224 225
225 226
227 227
230 230
231 232
232 237
237 238
240 241
241 241
241 242
244 245
245 247
247 247
247 250
251 252
253 254
254 257
258 258
259 261
261 262
264 270
271 272
275 275
276 278
279 279
280 281
282 284
284 286
286 288
290 290
290 291
292 292
298 298
301 302
305 309
309 310
312 313
316 317
317 317
318 318
