5 23
42 55
190 197
209 240
231 138
65 78
104 116
125 53
154 165
37 184
20 10
206 234
80 160
42 128
152 65
108 142
32 99
12 25
54 86
184 233
14 160
139 128
175 92
114 81
188 39
54 68
104 199
26 10
216 240
134 53
81 154
166 76
194 206
14 112
123 67
97 135
55 79
151 228
26 40
171 240
178 161
15 193
208 4
80 112
222 240
98 125
230 85
138 155
65 163
43 178
36 191
27 16
199 8
86 98
132 121
147 74
153 234
68 56
172 189
36 203
20 8
220 80
132 226
76 101
120 145
87 172
238 66
189 55
205 46
37 29
211 21
121 80
225 8
98 109
136 156
181 240
203 59
45 158
12 34
124 145
3 135
91 101
236 26
77 200
207 70
221 13
184 155
191 120
38 97
110 136
2 74
234 147
209 67
25 165
57 181
222 238
13 196
80 110
132 160
92 36
205 240
172 66
215 27
58 223
94 14
121 133
147 153
235 71
5 37
161 137
183 220
52 80
118 191
231 42
149 204
10 68
160 96
174 213
81 29
184 225
107 152
198 14
139 231
97 126
178 70
116 238
198 211
149 139
160 42
17 102
129 219
80 160
240 152
139 49
69 89
132 156
231 81
200 4
107 24
45 207
125 1
160 233
80 38
61 202
171 141
58 233
18 35
102 151
185 12
122 218
80 142
191 235
165 32
101 126
155 141
10 215
165 30
123 49
131 68
153 1
200 48
143 30
155 95
7 166
134 50
184 28
80 127
160 144
1 1
1 1
1 1
2 4
8 13
14 14
14 14
14 15
15 15
16 17
18 19
22 29
30 30
33 33
33 34
34 34
35 35
36 36
36 36
36 46
47 49
50 51
51 52
52 53
53 54
54 54
54 55
56 58
58 58
62 63
63 63
63 66
66 68
69 70
71 72
72 72
73 74
74 74
75 75
76 76
77 79
80 80
81 82
84 86
87 87
88 88
88 89
89 89
90 91
92 92
93 94
95 97
97 98
103 103
103 104
104 105
105 105
106 107
108 108
110 111
113 114
114 116
116 116
117 117
117 117
118 119
120 121
122 123
123 125
126 127
127 128
128 129
129 130
130 130
130 130
132 132
135 136
139 139
140 141
141 141
143 143
144 144
144 146
146 146
147 148
151 153
153 154
154 155
156 156
156 156
157 158
158 160
160 161
162 163
165 165
165 166
168 168
170 170
170 170
171 172
172 173
174 175
175 177
179 179
180 183
183 183
183 185
185 186
188 188
188 192
192 192
195 195
195 195
198 199
200 200
201 201
201 202
203 204
205 206
207 209
211 212
212 214
214 215
216 216
219 220
220 220
223 224
225 226
226 229
230 230
231 231
236 236
236 238
240 241
241 241
241 241
241 242
242 243
244 246
246 246
247 251
252 253
254 256
256 257
258 261
262 262
263 263
264 265
266 269
269 270
271 271
271 272
274 275
278 278
278 279
280 282
285 286
286 288
289 290
290 292
296 297
297 301
302 303
305 306
309 310
312 313
316 316
316 317
