52 135
150 163
210 240
217 75
201 2
121 95
54 80
27 41
149 160
168 176
16 191
235 126
80 99
80 66
153 218
160 240
47 39
179 31
18 160
1 132
88 77
71 154
240 61
162 41
12 23
3 160
91 106
124 80
219 84
240 164
225 62
41 50
190 26
12 2
102 113
123 139
160 87
83 183
225 240
161 25
16 197
205 160
6 49
230 39
122 148
105 188
31 81
75 69
203 235
17 209
162 173
6 156
44 124
222 91
187 102
114 141
79 30
240 151
71 162
19 169
61 8
49 89
223 41
118 134
2 197
80 151
32 167
240 205
175 62
55 215
239 15
97 187
8 86
222 123
40 151
75 196
35 162
2 110
207 234
23 161
176 56
83 143
185 12
80 44
192 219
238 163
71 108
152 31
98 140
60 204
229 162
132 175
19 82
119 211
42 186
235 108
207 76
153 53
140 197
222 4
99 162
128 236
70 171
201 67
118 178
227 81
16 41
113 185
216 159
58 233
13 140
150 209
80 101
30 128
239 197
1 73
48 188
215 160
21 67
150 42
193 221
107 15
37 82
125 174
208 80
33 103
160 202
225 58
236 9
30 80
52 138
225 1
179 167
26 97
118 161
138 1
222 234
77 147
158 118
178 44
191 23
132 224
80 185
209 18
239 95
158 114
37 133
148 172
203 227
21 79
163 58
42 139
156 220
199 240
20 117
192 41
151 15
78 10
55 138
107 195
99 227
40 183
7 161
123 203
18 33
62 194
220 240
134 55
76 109
182 81
159 35
167 65
240 124
160 20
44 86
113 202
225 71
194 100
127 160
63 75
22 14
41 213
152 136
238 45
165 177
55 199
80 111
4 220
84 134
160 199
211 143
22 31
89 1
1 1
1 1
1 2
3 7
8 8
9 10
10 13
13 13
14 15
16 19
19 19
20 22
25 26
28 28
28 30
30 31
32 33
35 37
39 41
42 43
44 45
45 46
47 47
50 54
54 56
56 58
58 58
59 59
61 61
62 62
63 66
66 66
69 70
72 72
72 72
72 73
74 75
76 76
76 77
80 81
81 81
82 83
83 83
84 85
86 87
87 88
89 92
93 93
94 95
95 96
97 98
98 100
100 100
101 101
102 102
103 104
105 105
106 107
108 109
110 111
114 114
116 116
117 117
117 118
118 119
120 121
121 121
123 124
125 127
127 127
128 128
128 131
131 131
132 133
133 134
134 135
135 136
136 138
139 140
141 141
143 143
144 145
146 146
147 147
147 147
148 149
149 152
153 153
153 154
154 154
155 157
157 158
160 160
160 161
161 161
163 163
164 166
167 167
167 167
168 168
168 170
170 171
171 172
173 173
174 174
176 177
178 178
178 178
179 180
180 181
181 181
182 183
184 187
187 188
189 190
190 191
191 191
192 194
194 195
196 196
197 199
200 201
201 202
202 203
205 206
206 206
206 206
207 207
210 213
214 215
215 215
216 216
217 218
218 219
219 221
223 223
223 225
225 225
226 226
228 228
229 230
230 231
232 232
234 234
235 235
236 238
238 240
241 241
241 242
242 242
243 245
245 245
245 247
249 250
250 250
251 253
256 258
261 263
263 264
265 266
266 268
268 269
269 270
270 272
272 272
273 273
273 274
275 277
277 277
278 278
280 280
281 282
285 285
287 287
288 288
288 288
289 289
293 296
296 297
297 298
299 299
299 300
302 303
304 304
305 306
306 307
309 311
312 313
316 316
316 317
319 320
320 320
