104 111
139 150
48 62
83 208
1 163
191 13
116 27
81 102
38 173
225 141
161 239
1 56
118 151
160 190
76 201
1 132
91 13
23 175
38 218
101 1
80 160
53 148
63 240
190 223
120 160
201 84
8 25
137 42
99 211
80 146
160 54
117 66
2 159
227 22
81 192
240 34
129 138
3 178
240 71
18 81
155 215
36 186
44 82
92 128
204 58
162 239
79 103
191 221
200 240
4 52
72 128
142 158
232 94
161 173
19 115
28 83
211 44
125 155
185 54
162 1
62 225
109 140
4 10
201 17
73 171
240 117
36 155
182 51
85 1
93 162
131 4
9 65
201 169
215 112
34 80
146 160
175 230
84 240
49 1
122 186
95 154
214 65
80 17
160 2
240 130
27 41
110 121
82 196
240 177
62 5
228 143
205 14
98 120
44 35
76 185
165 236
151 128
16 58
82 215
28 64
90 194
40 136
98 107
160 4
48 76
224 236
203 238
9 21
44 76
119 165
177 148
187 81
100 128
37 173
238 3
135 153
213 75
18 49
119 26
102 56
159 143
197 81
236 1
39 66
222 91
203 113
73 46
167 187
13 160
100 137
57 119
160 233
25 84
210 175
34 13
125 79
144 158
195 1
41 67
88 161
217 131
113 183
52 22
77 92
240 59
32 150
224 169
1 120
187 207
44 69
99 156
17 80
140 233
85 123
47 175
190 23
214 104
74 161
31 62
125 86
80 126
179 106
54 147
199 1
37 161
223 42
86 232
32 168
237 21
60 184
160 7
78 112
133 149
37 66
207 240
1 232
17 89
189 115
171 133
53 74
212 46
155 1
80 116
240 138
95 10
71 196
42 176
80 132
158 218
16 206
223 67
141 22
95 116
124 178
201 161
69 28
1 53
100 180
121 237
84 140
229 163
70 213
8 47
202 117
240 183
139 20
65 231
123 37
166 99
240 209
143 185
117 59
232 96
14 140
74 28
211 39
117 49
80 161
239 14
22 148
171 189
1 1
1 1
2 2
3 3
5 5
5 6
6 9
9 10
11 11
11 12
12 12
14 14
16 17
17 18
20 22
25 25
26 27
28 28
30 30
31 32
32 32
33 33
34 34
36 36
37 40
41 43
44 45
46 48
49 49
50 50
50 51
53 54
55 57
57 58
58 58
58 59
60 65
66 67
67 68
70 70
71 71
73 73
75 75
76 77
77 78
78 79
81 81
81 81
82 82
83 83
83 83
83 83
83 84
84 84
85 87
88 89
89 91
92 92
92 95
95 96
97 97
98 98
99 100
100 101
101 101
101 102
105 106
106 108
108 109
110 110
112 113
113 113
114 115
116 117
118 118
118 118
118 120
121 121
123 124
124 125
126 126
126 127
127 128
128 129
129 130
132 132
133 133
134 134
136 137
138 139
139 140
141 142
142 142
143 144
145 145
146 146
147 148
149 149
149 150
151 151
152 153
155 155
156 156
156 157
157 157
158 158
161 161
162 163
163 163
163 163
163 164
164 165
165 165
166 170
170 171
171 171
171 172
173 173
175 176
176 177
177 178
178 181
181 182
182 182
182 183
184 185
186 187
187 187
188 188
190 190
191 192
192 192
193 194
194 195
197 198
198 199
199 199
199 200
200 201
202 204
204 205
206 206
207 208
208 210
211 212
213 213
213 214
215 215
216 218
219 219
220 220
221 221
221 222
223 223
224 224
224 225
225 226
227 228
229 229
229 231
232 232
232 233
234 236
236 237
237 237
238 240
240 240
241 241
241 242
242 242
243 245
245 245
245 245
246 248
248 248
249 249
251 251
251 252
252 253
254 254
255 256
256 257
260 260
261 263
264 265
265 265
266 266
267 267
267 267
268 269
272 273
274 275
275 275
275 275
277 278
280 281
282 282
282 282
283 283
284 284
284 285
287 289
290 290
290 291
291 292
294 295
295 297
298 299
299 300
300 301
303 303
305 306
310 311
313 313
314 315
315 316
316 317
317 317
319 320
320 320
320 320
