1 34
46 64
178 187
74 160
215 86
149 169
98 111
125 185
207 196
160 134
1 13
80 142
240 219
26 38
153 51
61 70
232 162
83 98
109 172
211 42
127 188
221 1
10 160
240 147
29 42
52 72
233 1
202 161
84 93
109 172
124 218
132 238
2 9
160 190
23 33
230 54
45 68
78 154
95 162
207 112
168 216
124 80
135 186
160 5
91 82
240 17
229 34
48 103
150 59
198 161
71 232
240 155
207 195
86 139
104 186
1 223
20 112
34 240
46 80
160 164
196 59
126 231
71 80
170 86
139 209
95 240
182 7
18 150
160 1
110 34
52 222
62 120
192 164
127 240
77 83
175 206
139 238
183 6
17 101
160 32
116 221
49 62
150 73
158 80
129 196
1 82
234 98
11 26
144 177
36 160
240 47
2 149
61 113
80 186
128 158
219 83
224 134
238 2
105 193
25 47
146 174
57 67
160 80
125 87
207 154
183 218
9 138
158 19
32 41
78 107
161 179
229 240
120 190
214 90
126 57
152 102
66 240
80 198
110 138
160 4
223 172
12 83
32 27
228 48
99 209
189 160
1 63
10 79
110 136
197 215
235 2
86 117
162 180
34 221
21 48
204 99
186 61
126 4
151 66
174 73
106 133
228 240
212 48
116 160
85 197
16 23
179 7
143 94
236 80
100 47
59 204
127 219
158 25
33 39
67 147
14 111
222 81
172 190
136 4
151 160
45 91
117 33
58 209
229 179
22 102
127 75
158 17
215 240
82 199
105 142
63 169
4 109
162 235
42 53
132 88
32 183
220 120
80 138
112 164
185 240
16 206
99 51
89 143
8 117
228 64
158 26
93 169
191 208
5 123
45 73
147 240
158 173
231 109
191 20
57 103
214 81
240 38
175 18
66 152
161 197
37 127
104 237
72 191
218 17
46 160
78 124
31 152
174 199
238 91
221 14
84 126
33 58
109 157
178 240
141 199
223 127
64 39
22 175
17 76
144 197
59 51
93 182
224 157
201 81
38 56
75 115
160 175
1 1
1 1
1 1
2 2
2 3
4 4
5 7
7 9
9 10
11 13
14 14
14 14
14 15
16 17
18 19
20 20
20 21
22 24
26 26
28 30
30 32
33 35
35 35
36 37
38 39
39 40
40 41
41 42
43 43
46 47
49 50
51 52
54 54
54 54
55 55
56 58
59 59
59 60
61 62
63 64
66 67
68 71
71 71
72 73
73 74
74 75
75 76
76 76
76 77
78 79
81 82
82 83
83 84
85 85
89 89
90 90
91 91
92 92
93 93
94 95
95 96
96 96
98 99
99 100
100 101
103 103
105 106
106 106
106 107
107 110
110 110
111 111
111 112
113 113
115 116
116 116
119 119
120 121
121 121
121 122
124 124
125 125
125 127
127 128
130 130
132 133
133 134
135 135
135 135
136 136
136 137
138 138
139 139
142 142
143 144
144 146
146 147
147 148
148 148
149 150
151 151
153 153
153 154
154 156
157 160
160 160
161 161
161 162
163 163
163 163
164 164
164 164
165 165
165 166
167 168
169 170
171 171
172 172
173 173
173 174
174 175
176 177
178 179
180 181
181 181
182 183
185 185
187 187
188 188
188 188
188 189
191 192
192 192
193 194
195 195
195 196
196 197
197 199
199 200
201 202
202 202
203 203
204 206
206 206
207 207
208 208
208 210
210 211
211 214
214 215
215 215
216 216
217 218
218 218
218 218
221 221
221 222
222 222
223 224
225 226
227 227
227 229
229 229
230 231
232 233
234 235
235 236
236 236
237 237
238 238
240 240
241 241
241 241
242 242
242 243
244 244
244 245
246 247
248 248
248 248
250 252
253 255
255 255
256 256
256 258
259 260
260 260
261 261
262 262
264 264
266 266
267 267
267 268
268 270
270 270
271 272
273 274
275 277
278 278
278 278
280 280
281 281
282 282
282 284
284 286
287 287
288 289
289 289
289 290
292 294
294 294
295 295
295 296
296 297
298 298
300 301
302 303
304 305
308 308
308 309
311 312
312 312
313 314
316 317
320 320
320 320
320 320
