81 240
160 196
219 208
47 80
228 109
170 214
80 222
150 57
89 72
15 53
144 229
88 30
71 235
10 211
27 44
81 193
30 69
100 221
200 117
16 70
81 136
225 206
47 1
171 188
80 98
67 39
211 137
7 117
176 222
83 156
127 233
196 54
116 177
217 161
80 233
118 158
199 51
23 6
69 168
240 56
69 123
209 103
164 228
126 140
183 91
73 172
145 80
203 39
240 112
218 59
22 80
1 213
7 136
179 60
99 116
202 232
22 80
163 120
8 100
81 46
131 182
143 160
81 4
81 151
137 47
110 173
64 10
222 156
114 80
67 134
170 47
186 233
122 80
95 180
85 15
115 33
167 198
1 170
181 56
73 235
135 24
41 83
232 105
11 152
27 47
67 81
127 80
178 35
54 125
150 19
85 191
203 109
69 98
167 4
136 108
183 240
78 11
88 107
158 133
230 181
56 98
145 190
36 127
166 184
231 140
240 154
22 168
126 86
156 58
140 40
7 108
166 121
69 212
233 145
155 42
179 7
69 23
138 193
218 232
80 140
127 2
2 3
6 6
12 13
14 14
16 17
17 21
23 26
27 27
30 33
33 33
33 37
38 38
38 40
43 44
45 45
47 48
48 48
49 52
53 54
57 58
60 60
61 62
64 64
65 68
69 70
71 71
72 73
73 73
76 77
77 78
78 80
81 81
81 81
84 86
87 88
88 88
91 92
94 95
96 97
103 103
104 104
105 107
107 110
111 111
114 115
118 119
121 121
122 125
126 126
127 129
129 132
132 134
134 135
136 137
137 138
138 140
141 144
145 146
146 148
149 153
153 154
156 157
158 165
165 166
167 168
169 170
171 171
172 174
176 177
177 177
178 178
179 180
183 187
188 189
190 193
194 194
196 199
200 201
202 203
203 204
209 210
210 214
215 217
217 218
220 220
220 220
223 228
229 230
230 230
232 232
232 233
234 236
236 236
237 237
240 241
242 243
244 245
246 246
249 249
251 252
253 253
255 258
259 260
264 264
265 266
268 270
272 273
275 276
278 278
279 280
284 286
290 291
291 294
299 301
303 303
304 304
306 306
306 307
308 316
316 317
