38 111
80 122
133 196
34 84
230 53
150 27
45 218
132 73
80 226
20 60
108 139
184 212
52 240
86 14
170 28
96 41
129 60
156 218
33 121
169 182
200 76
20 99
160 233
46 203
139 189
233 1
61 109
169 40
148 90
14 194
229 52
80 173
25 215
156 178
75 128
201 25
61 211
136 161
186 74
93 141
114 208
11 170
236 39
122 24
92 148
225 55
214 128
71 185
221 202
38 23
53 154
10 136
171 188
71 119
103 240
55 12
157 124
141 176
209 225
193 227
73 24
110 92
144 161
40 56
128 214
232 1
145 179
12 114
240 56
77 97
199 132
163 27
217 120
182 59
144 80
15 3
105 125
163 61
31 221
143 175
240 161
205 111
47 1
18 66
175 91
119 51
191 69
35 8
174 191
77 143
209 86
40 105
172 227
24 114
149 209
189 42
229 11
120 167
100 208
229 83
132 186
13 145
65 50
106 206
235 88
160 180
16 219
70 93
33 232
190 125
203 53
114 18
91 141
1 38
238 58
218 77
3 185
42 23
62 197
101 233
88 163
1 213
65 81
132 193
119 173
70 85
143 26
38 81
143 151
187 80
234 55
120 148
213 73
178 194
50 140
91 53
176 86
136 152
240 125
98 133
13 236
86 149
170 49
95 74
137 109
167 160
87 119
65 6
53 97
76 144
1 1
5 5
8 10
11 11
15 18
19 20
22 22
23 24
24 25
26 27
27 28
28 30
31 31
32 33
34 36
36 38
38 39
42 45
46 46
46 46
46 47
48 49
49 49
51 52
53 56
56 57
57 57
57 58
58 60
61 61
61 62
63 63
65 65
68 68
69 70
71 72
72 73
74 74
75 76
78 78
80 80
81 81
81 83
83 84
84 84
84 86
86 88
89 91
91 92
93 94
94 95
96 97
97 98
101 101
102 103
104 105
105 107
107 107
107 107
109 112
113 114
114 115
115 115
116 116
116 119
119 120
120 120
121 122
122 124
124 124
124 125
125 127
128 130
130 132
132 133
134 135
135 135
136 137
140 140
141 141
142 143
143 144
145 146
146 149
149 150
150 152
153 156
157 158
158 160
161 161
161 163
164 164
165 165
168 170
170 170
172 173
173 174
176 178
179 179
181 182
182 182
184 185
186 188
188 188
188 189
192 192
193 193
194 194
195 195
196 197
197 198
198 201
202 202
203 204
205 207
207 208
210 210
212 213
213 213
214 214
215 216
218 219
221 224
224 224
225 226
228 228
228 234
234 237
237 241
241 244
245 246
246 248
248 250
252 253
256 258
260 261
267 272
272 278
279 282
284 286
289 289
292 292
295 298
299 301
302 306
308 309
310 310
311 316
316 316
317 317
