13 28
44 132
59 240
160 75
86 165
107 178
203 40
22 6
133 216
235 81
168 228
65 182
146 201
93 188
1 155
215 235
108 195
7 80
86 137
59 240
99 219
126 167
27 202
121 71
3 23
107 207
235 40
140 217
56 188
23 81
69 169
139 195
44 101
175 84
69 43
100 54
201 31
183 218
234 165
117 100
150 19
56 203
188 223
82 11
76 136
240 6
19 30
69 119
156 190
208 1
85 138
174 102
240 56
192 225
158 1
45 123
142 102
209 29
178 72
228 240
105 126
190 47
59 88
1 151
171 31
209 106
75 189
221 234
18 1
92 205
61 156
110 16
33 137
164 220
94 236
200 63
127 1
80 114
51 219
235 172
117 99
131 84
151 217
1 67
19 36
194 85
234 52
103 164
212 35
72 90
128 178
55 190
80 38
151 19
188 203
210 225
57 137
75 113
126 168
235 197
95 59
40 134
185 21
80 202
100 167
120 43
81 228
63 104
144 240
165 207
132 12
187 106
81 175
236 27
165 217
127 111
62 80
161 95
133 10
66 171
186 48
76 79
104 93
151 177
31 113
166 67
88 236
81 16
171 132
34 147
95 121
160 169
219 120
237 42
106 224
191 203
125 91
135 165
10 27
67 172
80 145
149 183
125 196
212 85
166 21
59 135
233 112
180 4
145 52
154 214
168 88
110 135
186 98
145 9
37 81
127 165
180 22
139 97
154 38
169 125
13 87
160 58
140 80
125 106
152 1
33 69
1 1
1 1
2 2
4 6
6 6
8 8
10 11
12 13
14 14
14 15
15 15
16 17
18 20
21 22
23 25
25 25
27 27
28 28
28 29
30 30
31 32
33 33
34 37
40 41
43 43
43 43
46 47
47 47
48 48
51 51
52 52
54 54
56 56
57 62
63 64
64 65
65 66
66 66
67 70
71 72
72 74
74 74
76 76
77 78
78 78
80 81
81 81
81 83
83 84
84 85
85 85
85 86
86 90
90 90
91 92
92 93
93 94
94 95
95 97
100 101
102 102
103 104
104 104
105 105
105 106
106 107
109 111
111 111
112 114
114 114
115 115
118 120
120 120
120 120
122 123
124 125
125 126
126 126
128 128
129 131
132 133
133 134
134 135
136 137
138 139
140 142
142 143
144 146
148 151
151 152
152 152
153 155
157 158
158 161
161 161
161 161
162 163
164 164
164 166
166 167
168 170
171 171
172 173
174 176
177 177
178 179
180 180
182 182
184 184
186 186
187 188
189 190
192 193
193 196
196 196
197 198
199 202
202 203
203 207
207 207
207 211
211 212
212 213
214 217
219 219
220 222
222 223
225 227
228 229
230 231
232 234
238 238
238 241
241 245
245 245
247 248
249 251
251 251
253 254
254 255
258 258
259 259
262 262
264 265
266 268
268 268
268 269
271 273
273 276
277 278
280 281
282 284
286 287
287 289
293 293
293 293
295 296
297 299
302 305
305 306
307 309
310 311
311 312
313 316
316 317
317 317
