35 63
71 88
220 11
197 156
25 114
1 106
233 206
120 13
161 39
216 68
144 1
31 175
59 53
95 88
45 128
227 206
240 192
64 8
32 160
58 2
102 114
220 124
78 139
147 181
237 12
69 159
212 30
96 109
119 129
216 59
172 236
143 1
74 154
20 123
225 107
115 207
13 66
91 99
134 184
44 236
29 84
141 240
230 161
58 171
6 24
71 193
99 127
91 156
216 236
83 133
18 202
49 219
116 45
78 106
240 30
146 204
73 161
186 129
152 55
89 7
40 67
191 211
229 22
79 51
117 62
163 172
108 124
35 139
1 91
73 196
233 52
16 141
147 100
240 85
174 33
200 220
182 129
159 204
240 47
21 62
118 32
186 76
94 160
165 227
115 209
44 92
146 6
59 29
199 170
231 92
124 189
171 219
29 16
43 58
72 175
204 108
1 156
122 139
192 42
27 221
238 208
141 90
176 56
159 15
27 71
195 1
108 128
144 91
226 40
71 179
80 161
15 111
195 235
128 1
14 92
27 80
41 56
73 147
213 228
238 134
114 177
195 118
158 27
57 95
231 197
174 42
76 88
213 155
1 123
59 190
169 14
43 105
77 129
149 161
231 89
61 107
136 185
230 148
13 78
28 93
199 136
111 45
158 182
197 233
63 81
3 119
146 179
215 14
30 154
48 176
234 123
102 213
65 86
49 192
15 169
136 32
87 107
147 187
13 68
210 50
91 230
111 160
13 123
133 180
206 51
96 235
151 4
71 160
17 34
79 189
218 140
173 54
201 232
119 154
74 167
56 129
240 90
178 195
38 214
80 108
157 58
190 20
138 171
226 44
84 111
149 205
8 74
164 184
122 219
237 32
22 62
197 80
108 132
171 140
148 94
9 80
210 232
48 158
182 77
28 65
104 223
53 164
198 237
136 214
11 85
112 156
171 120
240 17
97 194
3 39
62 184
110 119
158 1
81 69
125 140
1 1
1 1
1 3
4 5
6 8
9 9
9 10
11 13
13 15
16 17
17 18
18 18
19 22
22 23
24 24
24 25
26 29
31 32
32 32
33 34
34 35
36 37
39 40
42 42
42 45
45 46
46 48
48 48
49 49
51 52
52 52
53 54
57 57
58 60
60 61
61 61
62 62
62 62
63 63
64 64
65 65
65 65
66 67
68 70
71 71
71 71
72 72
73 73
74 75
76 76
77 77
78 80
81 82
82 82
82 83
83 83
85 85
85 86
86 88
90 91
91 91
91 92
92 94
94 95
95 96
96 96
98 98
99 99
100 100
101 101
101 102
103 103
104 105
105 106
106 107
107 107
110 112
112 112
112 113
114 114
114 116
117 118
118 119
119 119
120 121
122 122
122 123
123 124
125 126
127 129
130 130
132 132
133 134
134 134
135 136
136 137
138 138
139 139
140 141
142 142
142 143
146 147
147 148
148 149
149 149
150 151
151 151
153 155
155 156
156 156
157 157
158 158
158 158
160 161
161 161
162 163
164 164
164 164
165 165
165 166
167 167
170 172
172 173
173 174
175 177
178 179
179 179
179 180
181 182
183 183
185 186
186 186
187 187
187 187
188 189
191 191
192 192
192 194
195 195
196 197
198 199
200 202
202 202
204 205
206 206
207 207
207 207
208 209
209 210
211 211
211 213
214 215
216 216
217 217
219 219
221 222
222 224
224 224
226 226
226 227
228 228
229 229
232 233
233 233
233 236
236 236
237 238
238 239
240 240
240 240
240 241
241 242
242 242
244 246
247 249
251 251
251 252
252 252
253 253
254 256
256 258
258 259
259 259
259 261
261 262
264 264
266 266
266 267
269 270
270 272
273 273
273 274
275 275
276 277
277 278
279 279
279 280
282 283
283 285
289 289
289 289
290 290
292 292
293 293
294 294
294 295
298 302
303 306
306 306
307 307
310 311
313 316
316 317
317 320
320 320
