43 94
194 202
123 160
239 67
1 22
85 214
150 50
174 183
113 13
226 197
28 132
74 128
39 208
234 53
160 168
177 145
68 120
153 188
21 49
83 98
238 138
195 113
15 124
60 78
225 238
45 144
153 181
208 136
72 102
186 10
38 83
98 169
238 131
159 199
219 67
1 81
182 205
47 120
142 61
93 21
76 132
170 115
240 216
224 160
176 191
18 126
144 37
55 104
69 199
153 137
86 226
13 31
49 100
234 181
115 169
29 77
212 85
189 9
42 146
201 237
128 74
168 216
1 97
111 144
26 197
238 82
8 61
221 36
202 144
161 47
176 186
1 240
81 20
70 95
223 124
33 143
3 45
57 109
159 226
174 190
207 94
80 159
13 93
142 193
30 108
79 123
226 68
210 52
159 179
195 123
143 10
93 212
229 25
161 39
178 67
53 79
7 124
108 197
39 21
164 92
227 124
3 19
79 167
145 208
51 109
36 126
19 93
224 205
110 173
77 240
35 66
94 153
50 219
127 178
17 139
157 33
111 185
234 129
80 197
161 143
54 87
64 159
185 212
96 198
16 32
232 81
114 131
46 145
168 196
228 1
65 98
203 225
29 47
172 152
135 99
115 66
11 240
219 83
185 137
156 195
28 64
237 13
46 118
100 140
160 83
208 64
10 182
229 26
49 164
101 145
67 120
200 85
239 157
189 9
167 124
203 27
216 105
80 177
88 140
47 68
227 152
8 206
193 26
108 186
240 44
81 92
220 133
159 59
79 197
123 6
213 232
171 71
81 111
180 44
57 81
156 7
189 198
219 1
120 130
143 32
160 24
86 97
189 231
41 170
206 125
8 77
114 160
102 152
60 44
184 233
133 161
80 226
28 219
81 168
122 11
66 145
51 185
31 111
190 157
218 232
91 166
206 16
34 72
117 172
95 161
1 58
188 148
18 180
78 124
159 230
40 7
104 201
207 85
133 213
161 44
69 175
234 145
30 122
10 159
60 81
171 17
70 113
145 47
57 159
26 185
166 201
1 1
1 2
4 4
4 5
6 6
7 7
8 9
9 10
11 12
13 14
15 15
17 17
18 18
18 20
20 20
20 21
22 22
22 23
24 24
24 24
24 25
26 27
29 30
31 31
31 31
32 32
32 32
33 36
37 37
37 38
40 41
41 41
41 42
42 43
43 44
45 46
47 47
49 50
50 51
51 53
54 54
55 56
56 57
57 58
58 59
60 60
60 61
61 62
63 64
65 66
67 68
69 70
71 72
72 73
74 75
76 76
76 77
77 78
78 78
78 78
80 81
81 81
82 82
82 82
83 83
83 84
85 85
87 88
88 89
89 90
91 91
92 92
93 94
94 94
94 95
96 96
97 97
97 97
97 98
99 99
99 100
102 105
107 107
107 107
108 108
109 109
109 110
110 112
112 112
114 116
116 117
117 117
118 119
119 120
120 121
122 122
124 124
125 126
127 128
128 129
129 130
131 132
133 133
134 134
135 135
136 139
140 140
140 141
143 143
144 144
145 145
146 146
147 147
148 148
149 150
152 153
153 153
154 155
156 156
157 158
160 160
161 161
161 161
162 162
163 163
163 167
167 167
168 168
168 169
169 170
170 171
171 173
174 174
174 175
176 178
178 179
180 180
181 182
182 184
185 185
186 186
186 187
187 187
189 189
190 191
191 192
193 195
195 196
196 196
197 197
199 199
199 200
201 202
202 204
205 208
208 209
210 211
212 212
213 213
214 214
214 216
217 217
218 219
219 220
220 221
221 221
221 222
222 225
225 225
226 227
227 228
230 232
232 232
236 237
237 237
237 238
238 238
238 240
240 240
240 241
241 242
243 243
243 244
245 245
245 246
247 248
249 249
250 250
253 254
254 254
255 255
256 256
259 260
262 263
265 266
266 266
267 268
270 271
272 273
273 273
276 277
277 278
279 280
281 281
282 282
284 284
284 285
286 286
288 288
288 288
289 292
292 292
292 293
293 293
294 296
296 298
300 301
302 304
307 307
308 308
313 314
314 315
315 316
317 317
318 318
320 320
