89 190
218 227
238 28
111 160
56 11
73 151
202 138
161 38
171 102
1 236
214 185
120 17
62 115
27 196
222 165
42 158
133 141
149 56
108 240
86 175
37 72
126 10
183 101
160 4
112 20
49 66
141 212
34 132
169 234
196 80
125 174
61 27
87 147
157 14
72 119
187 56
240 170
227 193
36 81
108 130
50 177
231 11
64 120
32 92
158 103
80 203
211 148
164 170
114 132
179 7
26 44
92 235
58 187
141 126
75 213
239 19
1 38
88 221
169 103
157 200
18 74
177 31
134 224
117 154
204 43
60 15
49 86
100 116
185 225
71 151
233 209
189 26
131 36
98 163
174 228
70 9
210 58
83 112
131 240
22 34
46 96
147 214
161 178
195 69
229 112
147 32
80 129
180 2
97 21
68 111
197 214
57 41
147 166
232 182
110 81
132 199
14 149
216 28
165 232
55 161
42 68
112 96
184 171
232 11
28 151
80 214
112 232
8 154
67 133
195 39
97 55
233 81
114 211
9 192
161 98
223 24
55 75
140 39
82 206
240 115
165 6
127 240
144 172
22 99
221 116
184 201
1 130
160 39
171 235
52 75
148 84
160 166
177 186
198 20
218 240
5 233
102 118
133 155
34 69
183 215
53 86
189 70
212 18
35 139
159 164
123 87
103 228
53 205
71 171
124 162
143 182
16 34
52 106
223 1
88 128
147 71
158 195
240 168
215 15
37 89
132 107
186 55
72 176
225 237
154 111
190 15
118 202
93 164
76 127
214 35
56 230
139 192
180 15
95 161
225 69
173 206
79 120
146 32
183 45
110 240
199 219
157 13
58 69
98 44
232 167
142 31
81 175
193 205
130 117
20 84
12 73
175 217
156 192
112 64
100 139
89 238
199 48
32 161
170 219
233 80
120 146
190 16
205 240
155 53
74 109
1 132
228 19
98 176
40 143
203 218
77 121
153 191
235 3
161 22
60 103
81 160
174 45
134 225
6 161
208 66
111 216
240 28
91 187
193 120
199 73
231 32
56 80
161 238
220 131
18 109
193 160
145 48
1 69
78 236
157 215
57 100
35 131
188 1
171 210
14 45
164 1
1 1
1 1
2 2
2 3
5 5
5 5
6 6
7 7
9 10
10 11
12 13
14 15
15 16
16 16
17 18
18 19
19 19
20 20
20 21
21 22
22 22
23 23
25 27
28 28
29 29
29 29
29 30
30 30
30 31
32 34
34 35
39 39
39 39
40 40
40 41
42 43
44 44
45 47
48 48
48 49
51 51
52 52
52 53
53 53
54 55
55 55
56 56
56 58
58 58
59 59
59 60
60 61
62 63
64 65
66 67
68 69
69 70
70 71
72 73
74 75
75 75
76 76
76 77
78 78
80 80
81 81
81 81
81 81
81 82
82 82
85 86
87 87
88 88
89 89
90 91
92 92
93 93
93 94
94 95
95 95
95 95
96 97
97 97
100 100
103 103
105 105
105 105
106 106
107 107
107 107
107 108
110 110
110 111
112 114
115 115
115 117
117 117
118 118
118 120
120 121
121 122
123 124
125 125
126 126
126 127
127 128
130 131
131 132
132 132
133 133
134 137
138 138
138 139
139 140
141 143
144 144
144 144
145 145
145 145
146 147
148 148
149 150
151 152
152 153
154 154
154 155
156 156
158 158
158 160
160 160
161 161
161 161
161 161
162 162
162 163
164 165
165 166
166 167
167 167
167 169
170 170
172 172
173 173
173 173
174 175
176 176
177 178
179 181
181 182
182 183
184 185
185 185
185 185
186 187
187 189
190 190
190 192
193 193
195 195
195 196
197 197
198 198
200 200
202 204
206 206
208 208
209 210
210 212
212 212
213 213
213 215
216 217
218 218
218 218
219 219
219 220
221 221
223 224
225 225
225 226
227 229
231 231
231 232
233 233
234 235
236 237
237 237
237 238
240 241
241 242
242 242
243 244
244 245
247 248
248 249
249 250
252 253
253 253
253 253
254 254
254 256
259 259
261 262
265 265
265 266
266 267
270 270
271 272
272 272
272 275
277 277
277 277
278 278
280 280
280 281
281 283
284 284
285 286
287 287
288 288
288 289
290 292
292 292
293 293
294 296
297 297
297 298
299 300
301 303
304 305
306 307
308 309
309 310
311 313
314 315
315 316
316 316
317 318
319 320
320 320
