214 1
35 81
203 110
240 73
150 160
229 46
36 120
6 84
177 75
150 24
200 14
35 100
126 5
65 240
56 16
45 8
36 86
110 133
195 30
69 55
238 15
44 189
80 96
109 38
130 160
1 29
198 173
56 161
19 236
48 83
95 101
110 13
137 180
147 75
155 4
65 201
54 121
102 112
178 22
89 45
135 189
214 82
144 71
220 10
115 103
50 204
232 93
2 81
160 180
41 240
73 151
213 187
34 62
114 12
123 161
224 202
26 4
52 89
178 153
20 225
160 67
123 240
132 218
13 61
30 52
85 108
160 78
176 24
125 236
217 1
137 166
18 58
85 103
32 11
76 118
47 70
233 27
240 7
40 97
20 121
144 162
87 2
184 37
57 114
80 207
227 32
152 14
50 74
124 48
191 89
109 142
10 128
216 43
65 85
24 7
238 100
112 143
43 23
80 240
6 144
95 219
80 21
58 160
38 144
3 91
21 235
58 87
100 59
20 38
233 1
59 79
160 40
155 97
1 172
65 22
114 2
219 93
42 130
150 187
67 81
106 166
25 240
71 49
146 161
235 25
85 110
139 202
28 63
160 240
9 50
104 124
218 171
75 136
89 119
200 35
237 17
54 169
219 37
149 107
63 127
237 69
80 92
24 47
144 161
238 10
120 111
61 138
193 69
16 76
97 159
174 39
168 22
80 116
169 229
5 152
27 161
1 2
2 2
2 3
5 7
8 8
11 12
15 15
16 16
17 18
18 20
23 25
27 28
28 29
30 31
33 37
38 40
41 41
42 42
43 44
44 47
49 51
52 52
53 53
53 54
54 55
57 58
58 61
62 62
63 64
65 66
66 66
66 67
67 67
68 69
71 73
73 74
76 77
78 78
78 79
79 80
80 80
80 81
82 83
86 89
90 91
92 92
92 93
95 95
96 96
97 97
98 98
99 100
101 103
103 104
104 104
105 106
107 109
109 109
110 112
113 114
116 117
117 117
118 119
121 121
125 127
127 127
128 129
129 132
132 133
135 136
138 139
140 141
143 143
144 146
146 147
149 150
150 151
154 155
157 158
160 160
160 160
161 162
162 163
163 163
164 167
168 170
170 171
171 172
176 177
177 179
180 180
181 184
184 185
185 185
186 188
189 190
190 191
192 194
194 196
197 198
199 200
203 204
204 205
206 206
209 210
214 214
217 218
220 221
222 222
224 225
227 227
227 230
230 231
232 232
233 234
236 237
238 239
241 241
241 241
242 242
243 244
245 245
247 249
251 253
254 255
256 259
260 260
261 263
264 264
265 265
265 266
267 268
270 270
271 272
272 273
275 277
277 278
278 279
282 283
284 285
286 287
288 289
290 290
292 292
294 295
295 297
302 303
303 304
306 306
306 306
306 307
313 314
314 316
316 316
317 318
320 320
