1 30
65 76
240 55
130 198
18 112
92 7
65 240
160 2
56 181
118 26
104 169
197 94
43 80
12 71
220 34
54 160
119 5
146 24
85 213
76 184
15 35
65 238
28 160
4 55
106 130
153 50
89 214
174 17
74 35
8 64
240 116
128 209
1 136
149 160
21 49
217 86
75 191
38 11
140 67
114 102
129 157
1 32
199 165
94 173
54 1
23 83
219 73
120 130
140 17
108 41
154 196
64 99
233 163
89 10
240 28
6 121
134 68
223 111
20 39
98 59
198 92
161 170
232 206
52 81
11 30
133 142
46 23
70 104
196 4
38 171
61 142
178 85
150 32
79 237
215 48
70 103
123 95
194 42
134 60
143 3
81 235
18 155
36 161
76 103
121 50
1 30
94 69
136 12
65 88
45 25
195 79
166 184
59 124
151 196
161 7
38 113
240 104
180 20
55 131
201 75
99 153
2 225
50 32
68 15
66 142
208 82
107 127
160 28
12 146
62 80
233 42
240 26
8 117
130 61
160 41
81 99
23 144
57 217
161 113
236 1
39 76
55 160
22 109
3 123
39 21
75 104
2 159
38 56
19 76
95 160
3 57
170 222
115 19
76 188
41 240
131 204
109 148
19 42
204 59
166 240
5 84
42 122
183 66
5 221
111 240
160 178
42 7
101 126
45 218
155 240
80 27
66 120
141 188
234 92
240 106
153 136
1 52
216 33
71 16
53 185
237 37
165 123
80 85
143 97
108 40
64 161
5 240
179 136
26 46
128 10
78 153
209 85
32 112
174 55
189 94
16 230
81 167
1 1
1 1
4 6
7 7
8 8
9 15
15 15
17 18
18 18
19 20
20 20
20 21
23 23
27 27
27 28
30 30
31 32
32 33
33 34
36 37
39 41
42 42
44 44
45 45
45 45
46 47
47 47
49 51
51 54
55 55
55 57
57 57
58 58
58 58
61 61
62 63
65 65
66 68
68 69
69 70
70 70
71 71
71 72
73 74
75 76
76 76
77 79
81 81
81 82
82 83
83 83
84 84
84 86
87 88
89 92
93 94
94 95
96 97
98 99
99 100
100 101
102 102
103 104
105 106
107 107
107 108
109 113
113 114
114 116
117 117
118 120
120 121
122 124
124 124
125 128
130 131
131 133
133 135
135 136
136 137
139 139
141 142
143 143
145 146
146 147
148 149
149 150
150 152
153 154
155 158
158 160
160 160
161 161
161 161
162 163
163 163
163 164
165 166
166 166
166 167
167 169
172 172
174 175
175 178
180 180
181 182
182 184
184 185
186 187
189 189
189 190
190 191
194 194
194 195
195 197
198 198
199 199
200 201
202 203
205 206
207 208
210 210
212 214
215 217
218 219
220 220
223 223
226 226
229 230
230 232
233 233
233 234
235 236
236 236
237 237
240 240
241 241
242 242
243 244
244 244
245 246
248 248
248 252
253 253
255 255
256 257
258 260
260 263
264 264
265 265
267 268
269 269
270 272
272 274
274 275
275 276
277 277
277 280
281 282
282 282
284 285
286 287
288 290
290 292
292 293
294 295
296 296
297 298
299 299
301 305
306 307
307 308
309 309
309 310
310 312
316 316
317 320
