188 240
58 160
22 104
139 152
215 235
46 85
240 177
38 6
158 63
120 207
139 26
102 160
231 74
15 160
189 10
65 204
34 112
127 177
102 93
52 227
80 19
42 128
154 12
104 33
57 93
220 84
192 240
23 43
73 36
114 138
160 12
58 97
222 182
25 81
240 16
43 72
157 124
136 145
216 66
9 167
29 58
98 225
1 50
84 199
240 77
128 149
122 137
18 111
164 207
41 69
173 101
181 63
31 92
5 227
81 128
137 148
25 116
204 49
160 72
107 240
171 97
19 183
36 84
14 142
129 160
76 154
194 230
240 28
47 106
206 67
5 99
178 213
60 3
89 140
19 38
150 53
160 197
117 31
78 204
111 12
46 179
68 93
150 185
156 21
39 88
164 5
222 56
78 111
129 103
1 141
50 150
219 237
12 89
26 190
44 162
111 126
240 57
84 136
211 37
101 172
7 77
144 223
20 72
240 52
95 155
1 33
202 87
66 159
15 45
120 168
112 27
62 82
107 139
208 160
191 78
232 9
211 58
39 75
178 98
23 149
5 73
214 237
114 134
35 167
19 153
69 88
240 49
1 33
15 124
137 68
167 48
106 30
63 150
224 240
119 168
11 46
83 62
167 28
228 115
10 46
129 27
80 111
165 212
44 62
26 234
62 82
101 10
160 26
121 194
137 26
48 115
155 210
65 173
228 11
89 128
189 47
94 71
11 227
117 167
47 184
13 132
51 224
161 85
32 72
126 146
194 97
111 6
142 222
39 76
85 21
58 191
42 171
9 128
102 27
46 114
206 69
161 10
184 141
32 80
15 35
90 215
236 61
117 180
1 2
4 4
5 6
7 7
7 7
9 10
11 12
13 15
15 16
17 17
18 20
20 20
24 25
26 26
27 29
29 29
30 30
30 31
32 33
34 36
37 38
39 42
42 43
43 44
44 44
44 47
47 47
50 52
52 55
55 55
55 56
57 57
57 59
61 61
61 65
65 65
66 67
67 67
67 68
69 69
71 71
71 72
75 75
75 75
76 78
78 78
79 79
80 80
80 80
81 81
81 82
84 85
86 86
88 88
89 91
91 91
92 92
92 93
93 94
94 94
96 97
98 100
102 102
103 103
104 104
105 105
105 106
106 108
109 109
109 110
111 111
112 113
115 116
116 116
117 117
118 119
119 120
121 123
123 123
124 126
126 126
127 130
130 130
131 133
134 134
134 135
135 138
140 140
140 143
144 144
145 146
146 146
148 148
151 151
152 152
156 156
156 157
157 157
157 158
158 158
160 160
161 161
162 162
162 164
164 165
167 168
169 170
171 171
172 172
172 172
173 175
176 176
176 176
176 179
179 180
181 182
182 183
184 184
184 185
188 189
190 190
190 190
192 193
194 194
195 197
198 198
198 199
201 201
203 203
203 204
204 206
207 209
210 210
211 211
212 212
215 216
217 219
219 221
222 223
224 227
227 228
229 230
231 231
234 234
238 240
241 241
241 242
242 244
244 245
249 250
250 251
251 252
253 253
253 254
255 257
257 260
260 261
262 262
264 264
267 267
269 272
273 273
274 276
277 278
278 279
281 283
283 285
285 286
288 289
290 291
291 291
294 295
296 296
301 302
302 302
302 303
303 304
306 307
308 313
314 316
316 316
316 318
318 318
