1 42
84 131
141 223
160 239
71 180
31 204
63 117
18 161
191 37
4 160
76 29
19 63
197 161
50 38
2 81
169 65
58 113
19 155
209 238
162 38
80 193
30 59
1 104
120 240
95 16
80 37
6 28
119 85
98 159
19 80
7 37
66 31
105 151
161 52
93 128
172 19
118 184
239 11
81 222
4 37
160 67
127 147
59 162
24 99
51 174
240 188
81 1
15 39
196 139
154 68
112 119
34 100
171 28
55 83
183 240
194 232
72 139
18 42
118 150
106 206
62 12
160 98
8 32
87 51
161 174
75 240
125 132
119 231
67 20
145 154
38 3
96 168
57 161
90 11
52 130
141 29
80 122
155 196
107 162
23 240
4 170
95 39
130 61
111 145
159 14
56 84
182 34
79 198
240 110
169 216
231 27
34 48
120 236
70 104
161 206
96 174
142 4
81 149
183 224
155 18
204 239
36 118
167 1
77 104
129 189
51 30
95 137
12 239
175 149
65 89
197 46
26 85
155 181
7 80
163 204
106 228
40 21
132 185
75 207
56 154
1 139
233 73
172 157
212 33
51 192
69 92
238 67
108 147
163 196
217 13
129 80
103 9
27 86
146 163
240 180
156 63
42 24
101 78
145 165
58 81
4 115
41 98
77 148
166 199
12 59
219 235
4 22
204 228
88 161
60 73
112 212
145 2
41 127
22 236
165 199
143 214
39 78
156 236
3 101
42 196
59 80
179 231
20 214
120 41
63 80
20 5
156 45
138 174
232 84
115 190
240 101
129 5
43 204
72 93
189 170
122 7
161 230
46 68
1 8
75 185
50 98
108 164
135 69
31 52
200 230
81 128
150 119
163 238
113 145
181 37
102 198
18 160
212 78
42 64
136 176
85 154
7 45
102 192
71 120
235 160
31 150
207 1
1 1
1 1
1 2
2 3
3 4
5 7
7 8
8 10
14 16
16 17
19 21
22 22
23 25
29 30
32 32
36 37
38 39
39 39
39 42
44 44
46 48
49 50
51 51
52 53
55 56
58 59
62 62
64 65
65 68
68 72
72 72
74 76
77 77
78 78
78 78
80 80
81 81
82 82
82 84
84 84
86 87
88 89
89 90
90 91
92 92
94 95
97 97
97 97
100 100
101 101
101 102
102 104
105 107
108 108
108 109
109 111
111 112
113 113
113 114
114 115
116 116
117 120
120 120
121 121
121 124
124 125
125 126
126 127
128 128
128 129
131 131
131 132
132 134
136 137
137 138
139 139
139 140
140 141
142 143
143 144
145 147
149 149
150 151
151 151
152 153
153 153
156 156
156 157
160 160
160 160
161 161
161 161
161 162
162 162
163 164
164 165
167 170
170 170
170 171
172 172
173 174
175 175
177 177
177 177
177 179
180 180
180 182
182 183
184 185
185 185
186 189
189 190
190 191
191 191
191 194
194 195
196 196
196 197
197 198
198 200
201 201
202 202
204 204
205 205
205 206
207 209
211 212
213 213
213 213
214 214
219 220
221 221
221 222
222 222
223 224
225 227
228 228
229 229
229 230
230 232
232 233
235 237
237 237
237 238
238 238
238 240
240 240
240 242
242 243
243 243
243 245
246 246
246 247
247 248
250 251
251 253
254 254
255 257
258 259
259 260
260 260
261 262
263 264
265 266
266 267
268 268
269 269
269 270
271 271
271 274
276 276
277 277
278 279
279 279
280 281
282 282
282 284
286 288
288 288
288 289
289 289
289 290
292 293
294 294
294 296
296 296
297 298
300 301
301 301
302 303
303 304
304 305
306 307
309 310
310 312
313 314
315 316
316 317
317 317
318 320
320 320
