12 34
46 99
145 160
92 240
1 204
80 115
127 151
63 19
240 41
48 96
164 137
82 153
160 175
237 43
13 88
79 160
31 1
205 21
103 81
240 12
142 34
161 3
21 89
15 113
135 42
78 228
156 240
36 4
22 131
99 44
84 159
36 240
9 172
221 29
161 2
23 180
139 53
97 104
193 211
1 46
76 86
221 20
155 12
40 68
240 167
57 178
103 91
215 3
27 48
145 160
190 80
73 37
60 110
117 233
15 104
53 130
139 160
240 6
214 24
81 153
43 76
162 115
38 65
126 240
15 92
139 179
154 10
80 114
25 47
96 126
219 70
143 1
42 166
19 181
96 105
152 34
89 160
240 14
56 80
213 127
195 218
240 67
133 9
166 139
103 187
206 23
114 89
1 64
159 171
219 236
37 80
105 148
205 226
1 18
26 111
121 233
52 75
133 158
33 179
220 71
66 13
46 96
109 146
158 185
91 26
117 61
8 167
138 208
228 41
123 188
59 155
38 20
55 77
213 174
192 234
53 111
2 93
240 130
146 217
1 48
67 240
88 71
14 30
129 146
161 49
86 203
29 12
65 128
44 147
100 28
161 63
130 147
178 44
11 58
96 237
127 80
110 29
190 219
10 146
125 178
239 26
63 44
192 9
213 84
30 122
45 64
159 175
240 84
234 8
102 48
76 207
191 119
136 8
32 97
153 48
170 240
71 110
207 83
76 30
55 103
236 127
149 166
181 31
2 52
205 81
89 238
35 115
143 161
188 68
220 37
55 108
129 160
175 99
142 18
79 203
94 124
83 240
70 158
219 22
3 173
60 186
26 115
200 153
216 66
131 46
74 81
29 99
9 167
240 54
127 15
224 116
181 197
62 106
39 163
74 81
178 211
20 91
101 141
1 1
1 1
1 1
2 2
3 3
4 4
5 10
11 12
15 16
16 17
17 18
19 21
21 26
27 29
30 30
31 31
34 35
35 39
40 41
41 44
44 45
49 50
53 54
55 55
55 56
56 56
57 57
59 62
65 66
67 69
69 70
71 71
72 74
74 75
76 77
77 77
78 80
80 80
80 80
81 81
81 81
81 82
83 86
86 87
87 88
90 90
91 92
92 94
94 95
95 95
96 97
98 101
103 103
103 103
104 104
106 107
107 107
108 109
109 110
110 110
112 112
114 115
116 117
117 118
119 119
119 121
124 125
126 128
129 129
129 129
129 132
132 133
133 134
136 137
139 139
139 140
140 140
140 141
141 142
143 144
145 146
147 149
149 150
150 151
154 154
154 155
155 156
157 157
157 157
158 158
160 160
160 160
160 160
161 161
161 161
161 162
164 164
164 164
166 167
167 168
170 171
172 172
172 172
172 173
174 175
175 176
177 177
178 178
178 180
180 180
181 183
185 186
186 186
186 187
188 190
191 191
192 192
192 193
193 195
197 198
199 199
200 201
202 202
202 203
204 205
208 208
209 210
210 210
211 211
212 217
217 218
218 219
220 221
222 223
224 224
226 227
227 228
228 229
230 230
232 234
234 235
235 236
236 237
237 238
241 241
242 242
243 243
243 244
244 245
245 248
248 248
249 250
250 251
252 252
252 254
256 256
257 258
258 259
260 261
262 263
263 264
264 264
264 268
269 269
270 271
271 272
273 273
273 274
276 277
277 278
279 279
280 280
280 281
282 283
283 283
284 285
286 286
287 287
287 288
289 289
290 293
294 294
295 296
296 297
298 299
300 300
301 302
303 304
304 305
305 307
309 310
310 313
314 314
316 316
317 317
317 317
318 320
320 320
