34 55
76 80
239 1
123 116
166 218
160 139
22 105
48 86
175 240
41 6
71 64
160 27
176 240
80 198
66 160
111 35
102 54
82 240
1 228
22 160
43 126
11 34
118 165
58 240
24 80
73 44
113 136
37 66
159 13
101 179
59 26
80 240
2 44
135 154
18 107
67 11
58 181
31 221
160 195
2 51
80 239
190 202
22 76
99 108
120 127
138 144
161 230
42 178
63 10
35 91
5 190
81 126
160 201
114 26
50 237
71 107
168 1
96 211
60 83
140 16
37 133
76 152
161 29
47 104
175 66
236 98
138 60
6 88
148 20
38 114
161 80
201 53
32 103
176 240
13 137
69 48
118 148
92 240
65 24
187 7
41 161
203 57
111 118
127 79
103 159
149 234
1 90
240 155
14 30
161 187
45 124
197 80
111 136
172 208
226 237
180 59
102 116
127 9
40 132
143 227
240 169
73 22
96 154
179 55
93 200
4 87
240 35
159 68
131 118
168 185
17 112
48 206
138 30
83 65
188 159
80 144
229 209
12 175
60 160
77 42
99 195
212 232
75 8
114 134
151 166
22 69
237 89
109 36
52 125
133 149
166 19
181 1
107 51
86 34
65 148
223 240
167 120
50 15
68 84
181 150
167 197
79 116
30 14
147 130
49 209
31 166
13 237
144 48
84 65
156 30
39 186
203 211
49 76
105 85
161 239
65 13
141 178
225 194
29 122
48 68
209 78
138 225
240 28
155 53
118 172
12 68
81 189
91 129
240 66
225 50
96 75
110 122
14 146
168 185
199 81
51 72
15 109
222 55
135 16
161 180
80 88
75 127
148 238
118 193
60 160
8 113
220 143
102 42
176 23
80 160
191 62
46 203
11 133
86 171
150 233
101 48
118 28
105 161
12 73
185 145
35 80
135 199
17 214
58 80
160 235
38 107
128 65
92 180
195 1
1 1
1 1
2 2
3 3
3 4
5 6
6 11
12 12
12 14
17 17
18 19
22 22
24 27
27 30
30 31
32 33
35 36
36 37
37 39
40 41
41 45
45 45
45 47
50 51
51 53
54 56
56 57
57 57
58 58
59 60
63 63
63 65
66 67
67 68
69 70
71 72
72 73
73 76
76 77
77 77
77 80
80 81
81 81
81 81
81 81
81 81
83 84
84 86
88 88
88 90
90 91
92 92
92 93
95 95
95 96
96 96
98 99
99 102
104 104
105 105
105 108
108 109
111 111
111 112
113 113
114 116
117 118
118 118
120 120
120 120
123 123
124 126
126 126
126 128
129 130
131 131
131 133
133 134
135 136
138 138
139 140
141 141
141 141
143 144
144 146
147 148
150 150
151 152
152 152
153 156
156 156
157 157
157 157
157 157
157 160
161 161
161 161
162 162
162 162
162 162
163 165
166 166
166 166
167 169
169 170
171 171
172 172
173 173
174 174
174 175
175 176
176 177
178 178
179 179
180 182
182 182
183 185
185 186
186 187
188 188
189 190
190 192
193 193
195 195
196 197
199 199
200 201
203 203
204 205
205 205
206 207
209 209
210 211
212 212
212 212
212 213
214 216
218 219
219 220
221 221
223 225
225 227
228 228
229 230
231 232
232 233
233 235
237 237
238 238
240 240
240 240
240 241
241 241
242 242
242 243
244 244
245 245
246 247
247 249
250 251
252 252
252 252
253 253
254 254
255 256
256 257
259 260
260 261
262 262
263 263
264 265
265 266
266 266
267 267
270 271
271 272
273 274
275 275
276 276
277 279
280 281
281 282
282 283
283 285
285 287
287 287
288 289
290 290
292 293
293 293
294 296
296 297
297 299
299 301
301 303
304 304
305 305
305 306
307 307
308 310
310 313
313 316
316 317
317 317
317 318
318 318
320 320
320 320
