9 51
138 158
1 88
39 179
131 214
240 1
72 27
188 160
115 56
137 236
80 226
157 101
216 14
171 45
84 184
205 220
72 35
125 137
160 181
110 150
3 52
232 57
240 88
160 193
27 80
1 217
125 159
113 204
136 19
73 103
45 216
69 188
87 215
16 240
145 58
123 186
158 237
1 77
168 102
152 14
35 68
240 120
208 90
160 189
58 136
223 115
12 154
83 240
54 39
171 105
129 224
190 147
68 86
123 49
12 168
113 188
240 224
30 105
138 80
64 206
161 236
89 130
180 1
204 45
240 73
55 220
151 6
109 176
120 98
199 17
238 143
82 171
216 33
49 65
194 108
1 132
161 93
232 188
80 153
11 163
26 239
63 156
42 109
121 52
97 230
173 138
200 154
109 181
7 84
24 70
36 127
54 161
224 194
141 177
90 240
4 155
14 80
113 68
29 171
50 237
219 130
151 198
102 90
180 6
161 70
195 236
140 212
22 44
55 92
113 174
131 151
187 6
229 17
98 70
167 200
30 115
50 40
132 157
82 225
1 8
176 213
19 33
106 148
189 67
165 52
115 204
22 240
46 64
11 32
219 101
134 182
158 201
80 123
216 235
49 194
29 59
113 145
1 15
169 97
133 208
184 81
158 227
39 1
21 4
200 62
120 176
95 219
146 46
80 192
1 107
14 33
168 235
67 214
134 93
181 120
79 157
204 232
67 1
20 53
134 38
175 104
146 197
224 89
78 126
29 57
65 210
43 182
106 147
1 1
1 1
2 4
5 5
6 6
7 8
11 12
14 15
17 18
18 18
19 19
20 21
22 24
24 25
26 28
29 31
33 34
35 35
35 35
37 37
38 39
40 42
44 45
45 45
46 48
49 49
52 53
54 54
55 56
56 57
58 59
60 60
64 64
65 65
66 69
70 70
71 72
73 73
74 75
76 77
78 78
79 80
81 82
82 85
86 87
87 88
89 89
90 92
93 94
94 96
96 98
101 102
103 103
103 105
108 108
110 111
111 112
114 114
114 115
116 116
118 119
122 123
123 124
124 125
126 127
129 129
130 131
132 133
135 136
136 138
139 140
141 141
141 143
143 144
144 145
147 147
150 151
151 153
154 154
155 156
157 157
158 158
159 160
160 161
161 162
164 166
166 168
169 169
170 170
172 173
174 174
176 176
176 177
180 180
181 181
183 185
186 186
186 187
189 189
190 190
191 192
193 193
194 196
198 201
201 202
202 202
204 204
205 206
206 206
207 208
212 212
213 215
215 217
217 218
218 219
220 221
222 223
226 226
227 227
228 228
228 228
229 229
229 234
234 235
237 238
238 238
240 240
241 241
243 243
243 244
244 244
246 246
249 253
253 254
256 256
258 258
258 258
259 259
259 262
265 265
266 268
268 268
269 271
272 273
273 274
274 274
276 277
278 279
281 282
283 283
284 284
284 285
286 286
287 288
290 292
293 293
295 295
296 297
298 298
298 299
299 302
302 302
306 307
309 311
312 312
312 312
313 313
320 320
