125 170
183 65
213 19
240 80
49 109
183 130
160 240
93 149
222 5
234 36
76 211
165 178
62 25
200 240
116 214
127 81
100 42
152 160
173 142
47 78
16 226
160 186
238 114
102 7
61 149
33 91
125 196
56 179
74 209
3 155
46 133
111 63
176 88
208 229
1 157
21 54
140 106
75 1
43 164
190 100
177 123
240 68
40 141
214 25
89 159
233 115
10 81
52 215
71 107
33 133
178 235
197 155
97 81
14 176
48 89
123 214
233 194
147 73
227 29
115 167
1 57
192 39
137 92
209 104
162 81
1 187
65 128
17 32
48 157
227 92
205 181
116 77
64 240
136 222
2 9
175 25
46 149
104 80
160 234
122 219
139 187
235 66
92 168
6 52
18 37
110 82
181 213
72 125
195 163
231 2
96 51
140 12
32 157
113 208
85 135
226 73
186 166
52 147
4 26
125 182
37 75
224 97
200 160
115 136
173 1
52 81
217 12
152 240
32 99
187 21
116 161
64 142
1 14
89 161
200 213
234 82
48 132
175 34
98 151
191 13
161 83
228 117
6 161
168 206
143 63
186 106
31 202
10 41
221 96
128 179
153 78
239 116
193 19
63 168
141 2
212 44
102 77
160 184
26 129
203 15
89 176
49 151
31 82
75 116
198 220
61 102
164 139
3 49
35 19
187 215
238 116
157 85
128 180
71 10
59 148
207 25
39 45
108 163
193 240
87 130
80 160
3 23
43 59
67 179
218 1
3 3
4 4
5 6
10 11
11 11
13 13
14 15
16 16
17 17
18 19
19 20
25 26
27 27
28 29
29 30
31 31
32 32
32 32
33 35
38 39
40 42
43 45
47 48
49 49
50 51
51 51
52 53
56 57
57 58
59 62
62 65
66 67
69 69
69 70
70 71
72 72
75 76
77 78
78 80
82 82
83 83
84 85
85 85
86 90
90 90
91 92
95 96
96 97
97 98
98 98
98 102
104 105
106 107
108 109
109 109
110 110
114 115
116 117
118 118
120 121
121 121
122 125
127 127
129 129
130 131
133 135
135 136
136 137
137 137
139 139
140 142
145 148
148 149
149 150
150 150
152 152
152 153
160 160
160 161
161 163
163 163
164 164
165 166
166 167
169 169
170 173
174 175
175 175
176 178
180 180
181 181
182 184
185 187
188 189
189 189
190 190
195 196
197 199
199 199
199 200
200 200
201 202
204 207
207 209
211 212
212 213
214 214
214 216
216 216
217 221
221 222
222 223
223 224
224 225
226 226
227 230
230 231
233 233
234 236
237 237
238 238
240 241
241 241
241 242
244 244
248 250
251 252
253 253
254 254
254 256
258 258
261 262
263 263
263 265
266 267
269 269
271 271
271 273
274 275
278 278
280 281
281 282
282 283
284 284
284 287
288 288
289 290
291 292
293 293
293 294
295 296
298 298
299 302
304 304
304 304
306 306
306 307
309 309
310 314
315 316
317 320
320 320
320 320
320 320
