65 100
153 223
34 160
181 7
144 218
235 56
87 201
126 27
80 215
1 112
240 75
227 43
91 150
177 16
201 96
190 222
236 65
126 36
8 234
160 55
108 149
80 138
172 196
224 30
104 77
121 51
1 160
225 92
200 40
178 22
155 109
133 238
48 221
68 100
171 201
184 150
29 121
13 89
44 144
240 165
24 113
183 221
70 60
182 133
240 8
55 157
201 97
114 78
150 174
42 220
25 140
196 240
59 92
132 165
218 7
188 116
236 73
157 100
83 209
34 233
12 178
135 147
44 124
204 108
229 21
60 75
170 1
91 81
199 135
158 223
120 36
106 52
9 178
68 80
88 217
191 147
19 32
201 164
8 48
109 134
181 61
94 230
237 1
39 68
78 124
210 60
153 19
28 115
223 168
161 205
1 38
92 240
53 138
182 74
6 81
199 11
156 126
114 178
228 29
95 208
189 45
55 67
78 116
167 8
138 224
17 240
202 29
156 178
93 122
214 53
1 161
73 193
139 14
228 30
40 54
104 156
183 129
202 88
240 1
116 172
15 75
138 216
81 191
32 53
123 231
157 182
102 207
5 18
226 96
176 203
7 145
71 36
50 18
79 161
135 240
168 219
118 192
2 154
102 15
41 207
232 24
180 82
141 115
65 4
171 198
223 168
13 34
53 127
160 240
80 87
214 113
189 154
1 99
235 22
139 39
202 72
86 176
80 57
153 224
122 194
164 1
108 216
9 23
47 77
96 61
81 184
240 144
199 1
228 123
165 24
39 95
61 79
240 150
184 213
1 1
1 1
3 3
5 6
6 7
7 8
9 9
10 13
13 14
15 17
17 18
20 22
22 22
23 25
25 26
26 27
28 30
30 34
37 37
38 40
40 40
42 42
43 43
43 44
44 48
48 49
50 50
51 52
52 54
54 55
56 57
60 60
61 61
62 63
64 64
65 66
67 67
70 70
73 74
74 75
76 76
76 76
77 81
81 82
82 83
83 83
84 87
88 89
90 90
92 92
96 97
97 97
99 100
101 102
102 103
107 108
108 110
111 113
114 114
115 116
118 118
120 122
123 123
123 127
127 128
128 128
128 129
129 130
131 132
135 135
137 139
140 142
143 143
144 144
144 144
146 147
149 154
154 155
157 157
157 157
157 158
158 158
158 160
161 161
161 161
161 163
163 164
168 168
168 169
170 170
171 171
173 173
174 174
175 176
177 177
180 181
181 182
183 183
185 186
188 190
191 192
192 192
192 193
193 195
195 195
198 198
199 201
201 202
204 205
205 206
208 208
209 209
210 211
212 214
215 215
215 215
216 217
220 222
222 223
223 224
226 226
227 227
229 229
230 230
232 232
234 236
237 237
238 240
240 241
241 241
242 242
243 245
245 246
246 246
248 248
249 250
251 251
256 256
257 259
259 259
259 260
260 262
264 265
266 267
267 267
267 269
270 270
271 272
272 272
274 275
276 277
277 279
280 281
281 283
283 284
284 285
285 285
286 287
289 289
292 292
293 295
296 296
297 297
299 299
299 300
300 300
301 302
306 307
307 309
311 312
314 315
316 316
316 317
317 317
