14 37
135 147
160 227
240 64
213 119
29 199
81 185
240 160
39 19
72 136
119 58
8 240
108 195
240 89
173 82
74 162
186 154
240 22
128 55
16 240
86 80
40 161
196 4
150 135
215 119
106 233
240 24
55 96
203 86
190 170
43 72
160 62
134 4
161 240
113 227
35 80
204 31
94 160
216 240
20 74
171 81
190 63
133 113
54 11
49 98
240 36
141 81
163 1
208 183
65 21
123 162
129 194
53 149
108 15
240 91
9 41
176 77
62 1
160 149
196 225
94 114
129 140
61 32
165 2
156 185
91 235
22 171
195 10
75 125
221 114
159 103
135 20
7 33
87 147
216 170
46 59
181 189
227 156
163 240
15 81
143 34
121 135
183 99
155 67
215 165
34 10
192 57
86 116
240 80
161 202
37 183
109 129
80 147
19 201
36 239
99 6
121 43
62 218
80 161
137 239
181 114
11 46
20 158
131 58
28 80
179 216
236 96
5 37
151 229
80 2
48 120
66 169
161 7
55 21
140 210
98 31
165 22
109 88
39 188
80 71
54 62
132 228
175 206
160 96
183 1
119 15
81 29
68 223
51 205
59 42
138 176
151 109
161 9
2 199
21 80
84 99
160 125
235 39
56 68
188 142
1 170
113 4
213 182
12 73
80 197
161 33
52 22
232 62
97 40
160 1
225 73
84 207
114 136
186 11
25 35
57 44
166 147
224 2
73 125
182 200
10 160
3 50
114 134
17 29
79 216
11 240
151 187
61 95
112 12
161 44
234 240
29 71
212 1
1 1
1 1
1 2
3 3
6 11
11 14
14 15
16 18
19 19
21 23
24 26
26 27
27 29
30 31
32 33
33 33
34 38
39 39
40 42
43 47
48 49
50 50
51 53
54 54
56 58
58 59
60 61
61 61
64 64
68 69
69 69
72 72
73 73
73 74
77 78
78 80
81 81
82 82
83 84
85 85
86 86
89 89
92 93
94 94
96 100
101 102
103 103
105 106
107 108
111 112
112 114
114 115
115 116
117 117
119 123
124 124
125 126
127 128
129 130
131 133
133 133
133 134
135 135
136 137
137 139
142 145
147 147
148 149
150 150
151 153
154 154
155 157
157 158
158 158
160 161
161 161
161 161
162 163
164 165
165 166
168 169
169 170
172 172
173 173
174 175
176 176
179 179
179 181
182 183
183 184
185 186
186 187
188 189
190 191
192 193
194 194
196 197
197 199
199 200
200 201
202 204
204 207
207 208
209 210
210 210
211 211
212 213
216 217
217 218
219 220
220 221
222 223
224 224
225 227
227 229
230 230
231 231
232 233
233 234
235 236
236 237
237 238
238 239
241 241
243 243
244 245
247 247
248 249
249 250
251 252
252 253
254 254
256 257
257 259
260 260
261 261
262 262
263 263
263 263
264 266
266 270
271 271
272 273
273 273
273 274
275 275
276 276
277 278
279 283
284 285
286 286
286 287
287 287
288 289
290 290
292 292
294 295
296 296
296 296
298 299
300 302
303 303
303 304
304 305
307 308
309 310
311 313
313 316
317 317
318 318
318 320
320 320
