1 22
29 81
106 138
205 189
45 71
173 124
159 65
240 90
149 33
226 7
240 137
82 104
187 53
122 164
21 1
74 111
144 227
201 240
39 185
124 86
163 54
112 6
31 147
77 192
217 69
98 238
129 40
59 173
85 179
114 214
158 11
229 140
240 48
100 28
69 125
190 23
179 2
206 216
64 163
239 90
42 80
58 110
140 16
185 42
58 106
125 133
240 81
175 32
163 212
101 187
124 153
9 52
238 1
97 120
72 217
136 25
196 47
160 172
240 64
108 90
1 70
220 149
126 201
57 188
80 167
117 19
40 136
86 240
66 161
182 202
108 85
130 221
175 151
12 31
63 89
161 193
240 43
169 134
116 217
11 72
80 107
239 28
97 159
185 151
62 209
113 197
46 9
178 231
80 137
68 200
84 165
123 29
95 215
227 114
14 106
157 81
168 147
192 58
222 1
82 131
35 236
68 157
180 20
93 100
115 84
143 45
214 4
23 200
131 171
115 226
62 7
94 188
80 147
206 161
236 37
133 160
178 122
230 194
21 60
77 89
106 4
68 140
38 164
224 49
122 204
17 182
58 69
104 154
85 238
143 218
32 3
125 233
145 168
45 62
110 207
100 161
187 76
28 87
65 199
225 154
7 26
127 33
170 196
44 161
215 63
80 190
55 88
108 237
96 140
160 206
1 13
21 91
227 31
82 40
53 69
125 195
112 220
159 5
13 93
26 57
142 36
74 183
214 161
208 174
1 111
122 159
102 197
94 19
30 83
222 42
54 144
64 184
2 162
240 127
212 5
11 90
23 82
172 234
114 67
58 2
47 201
134 159
103 224
2 9
29 73
149 186
1 1
1 1
1 1
1 3
6 6
6 8
8 9
9 11
12 13
13 14
14 15
16 16
17 18
20 20
21 22
22 24
27 27
28 28
29 31
33 34
35 37
37 38
39 39
41 41
41 42
44 45
47 50
51 51
52 52
53 54
55 56
59 60
60 62
62 64
64 67
67 68
68 69
69 69
70 70
70 71
72 76
77 77
78 80
80 81
81 81
81 81
82 83
84 85
85 85
87 87
89 89
90 90
92 93
93 93
94 94
96 97
97 100
100 100
100 101
102 103
104 104
104 105
106 106
108 108
110 110
111 112
112 113
114 114
115 117
117 117
119 121
122 123
125 126
127 127
127 128
130 130
130 131
133 134
135 135
136 137
137 138
138 139
139 139
141 144
145 146
148 149
150 151
151 151
152 153
154 156
157 157
158 160
160 160
160 161
162 162
162 163
163 166
167 168
168 172
172 172
173 173
174 174
174 175
175 176
176 178
180 182
182 183
183 183
185 186
190 190
191 192
192 192
193 193
193 194
195 199
200 200
202 203
204 205
206 206
206 207
207 209
209 210
212 212
213 216
217 218
219 219
220 221
221 222
223 223
224 225
228 230
231 232
234 234
235 235
236 236
237 237
237 238
240 240
241 241
243 244
245 246
246 248
248 248
249 250
250 251
251 251
252 252
253 253
255 256
257 258
259 261
261 261
262 263
263 264
264 264
265 268
269 271
272 273
275 275
277 278
278 279
279 279
279 283
283 284
288 288
288 289
290 290
291 292
294 294
294 295
296 296
297 299
301 302
302 303
304 306
306 306
308 308
309 309
310 311
312 313
313 313
315 315
317 317
319 320
320 320
320 320
