10 220
32 91
154 203
58 118
190 1
180 79
46 135
169 240
162 102
219 154
17 196
144 65
9 177
32 234
116 58
82 218
157 2
196 144
101 181
240 131
20 226
70 163
39 91
117 15
147 213
240 79
192 31
54 102
134 174
6 233
74 97
159 123
213 225
46 198
25 91
176 237
144 227
1 65
90 174
81 140
161 40
114 14
210 85
198 158
221 57
187 12
105 131
32 154
80 170
98 240
231 122
8 103
142 206
51 90
73 160
27 184
236 223
5 99
150 201
88 118
170 81
1 44
141 196
217 237
63 23
95 164
75 42
122 133
185 210
20 59
228 80
105 149
168 203
139 160
130 40
94 123
194 17
220 33
77 185
145 160
112 100
167 43
60 81
212 233
240 109
21 80
117 199
126 156
28 234
138 9
80 190
89 201
49 65
81 179
226 33
113 99
163 123
52 114
131 147
189 75
214 240
12 34
82 175
162 234
92 204
15 110
146 66
125 30
48 179
221 240
15 165
190 1
88 153
65 106
210 118
42 136
227 76
171 25
85 196
11 160
57 97
152 1
112 133
63 214
237 185
174 69
4 26
161 87
47 103
156 228
13 53
97 112
127 138
176 65
198 239
218 29
37 86
7 162
95 184
48 155
113 60
17 121
133 201
227 72
25 80
88 114
219 1
167 99
191 38
48 235
9 150
72 135
82 112
26 90
222 1
184 38
51 160
2 240
63 8
15 81
208 108
128 74
96 140
26 197
2 82
232 179
3 219
43 162
50 80
100 65
73 84
28 141
202 2
42 124
175 58
49 230
9 22
91 110
187 82
144 161
1 171
216 8
35 157
1 1
2 2
3 3
4 5
5 8
9 11
12 12
12 12
15 16
16 17
18 18
21 22
26 26
28 28
30 31
31 31
32 35
35 36
38 40
40 42
43 43
44 47
48 48
50 53
54 55
56 57
57 60
62 62
62 62
66 67
68 69
69 71
72 72
73 73
74 76
77 77
78 80
81 81
81 81
82 82
82 84
84 86
88 89
90 92
92 93
93 94
95 95
96 96
99 100
101 101
103 104
105 105
105 106
107 108
110 110
111 111
112 114
115 115
115 115
116 116
118 121
122 122
122 123
123 124
125 127
127 127
130 131
131 131
131 131
136 137
137 138
138 139
139 139
141 141
142 145
146 146
146 147
148 150
150 150
152 152
153 156
156 157
157 157
157 157
157 160
161 161
161 161
162 163
164 164
165 168
168 168
169 170
171 171
171 171
174 175
175 176
177 178
179 180
180 180
180 181
181 184
185 185
186 186
190 191
192 193
194 195
195 196
196 200
200 200
200 202
203 205
205 206
206 208
209 209
209 210
211 212
213 214
216 218
219 219
220 221
222 222
222 225
225 226
227 227
227 229
230 231
232 232
232 234
236 238
238 238
240 241
241 241
241 241
241 242
242 245
246 247
248 248
249 250
251 251
252 252
253 255
256 256
256 256
257 258
259 260
260 261
261 262
262 263
263 264
268 268
269 269
271 271
274 274
275 275
277 278
278 279
282 282
283 284
285 286
286 286
286 288
288 289
289 289
290 290
291 291
291 294
297 297
298 298
299 301
301 302
302 302
303 303
305 306
307 307
307 309
310 310
311 312
312 312
312 314
315 315
317 317
317 320
320 320
