229 1
80 38
50 94
63 239
117 160
25 144
14 155
211 165
4 67
80 102
46 55
226 240
112 123
135 232
19 158
56 70
80 174
240 4
41 136
229 160
108 151
20 68
88 80
102 161
169 214
54 36
115 26
20 135
160 156
69 110
46 120
161 240
1 94
127 37
230 107
185 160
70 18
63 81
166 55
100 133
203 45
240 2
160 120
148 191
210 34
106 216
223 84
162 61
97 240
131 21
51 107
140 160
220 11
40 115
74 66
154 5
32 227
89 184
240 52
210 101
26 40
132 195
147 169
71 88
63 224
137 18
160 178
51 97
44 80
122 240
7 71
207 107
81 126
34 235
61 91
26 56
171 216
240 118
63 137
73 104
17 221
176 201
40 125
141 159
80 3
110 204
147 164
228 32
185 64
55 83
129 100
240 212
161 48
170 197
219 8
22 115
191 240
151 133
18 81
160 40
69 116
13 53
175 240
217 35
101 81
67 140
198 177
222 6
48 25
100 116
203 61
81 21
42 127
162 228
39 98
80 115
183 58
14 206
127 229
34 113
236 76
9 143
53 161
94 30
189 72
209 111
231 238
3 49
127 145
24 168
213 44
108 71
236 192
146 17
59 88
39 126
239 212
57 14
76 105
146 223
13 86
168 192
55 33
216 79
8 166
124 193
104 54
145 236
3 30
215 81
125 70
26 174
196 100
1 147
27 50
67 77
119 194
144 212
95 163
70 120
143 170
93 41
142 81
61 127
81 161
87 109
123 80
1 2
2 4
4 4
5 5
6 7
8 11
12 12
13 16
17 17
17 17
18 18
18 18
19 21
21 21
26 26
30 30
30 32
33 34
34 34
35 36
38 38
39 41
41 42
43 43
43 43
44 47
47 49
52 52
52 54
55 55
57 57
58 58
59 60
60 61
63 65
65 66
70 71
71 72
73 74
74 74
74 76
76 77
77 80
80 80
80 81
81 81
84 86
86 88
88 88
89 90
91 94
94 94
94 95
96 97
98 99
99 101
101 101
102 103
103 104
104 106
107 107
108 108
109 109
113 113
114 115
116 117
118 118
119 119
120 121
121 122
123 124
124 125
126 127
128 128
129 129
132 132
134 134
135 137
138 138
139 139
140 140
141 143
146 146
146 146
148 149
150 150
151 151
151 152
152 153
155 155
155 156
157 158
159 160
160 160
160 161
161 161
162 162
163 164
166 166
166 167
167 170
171 171
171 171
173 174
174 175
176 178
178 181
181 182
183 185
186 187
187 188
189 191
191 193
193 193
195 195
196 196
196 198
199 199
201 202
203 203
204 205
207 207
208 208
209 210
211 212
213 214
214 215
216 216
216 218
219 221
222 224
224 225
225 226
229 230
230 230
233 234
234 235
236 237
238 238
238 240
241 241
241 243
244 245
245 246
248 248
249 249
250 251
251 253
254 254
254 256
256 257
259 259
259 260
261 263
265 268
269 270
271 271
273 273
274 274
279 281
281 282
283 285
289 291
295 295
296 296
298 301
302 316
