167 19
100 61
240 152
40 90
137 127
14 49
117 178
80 6
160 64
153 30
146 160
96 136
125 50
80 113
223 17
167 180
71 38
217 99
131 8
191 59
225 89
119 200
240 27
146 155
54 172
81 132
118 184
18 71
217 40
153 169
9 95
222 129
123 179
205 160
27 61
152 85
236 162
15 112
209 1
53 140
172 240
136 104
44 17
70 201
144 153
222 13
124 240
95 35
57 209
6 160
193 82
111 232
27 52
144 164
213 238
1 129
48 199
71 101
20 217
234 120
150 166
64 200
132 37
93 115
185 13
80 148
58 167
223 76
34 87
129 6
106 183
144 164
26 102
124 50
76 121
210 1
162 181
141 198
23 228
96 70
117 140
209 197
159 42
91 136
15 177
225 112
63 156
194 132
84 210
35 107
226 8
1 56
80 126
170 153
190 28
52 2
99 141
170 226
121 48
71 207
139 161
23 95
187 67
225 168
43 136
16 114
160 87
37 62
184 203
90 134
156 223
109 9
81 161
53 150
104 126
203 180
25 77
49 1
104 223
177 127
69 95
195 160
55 119
148 17
101 172
218 236
31 12
61 145
88 194
215 22
49 113
137 239
81 187
158 213
37 103
132 69
232 197
157 27
61 90
207 176
191 120
53 149
113 42
223 142
76 165
240 103
66 194
130 156
214 55
89 115
180 207
76 146
228 106
202 135
95 163
183 156
124 80
115 147
1 2
2 3
3 5
6 6
6 7
8 8
11 11
12 15
16 18
19 20
20 20
21 23
26 28
30 31
31 33
37 37
38 40
40 41
41 42
43 44
45 47
47 47
47 48
49 49
50 52
54 54
57 57
58 60
60 62
62 64
69 69
69 70
71 72
72 74
75 75
75 76
78 79
80 80
80 81
81 81
81 82
83 85
86 87
89 89
91 91
92 93
93 93
94 100
101 101
102 102
103 105
106 106
107 107
107 109
110 110
112 114
115 115
116 116
117 120
120 122
122 122
126 126
127 128
128 130
130 131
131 132
135 135
135 138
140 140
140 143
143 143
145 146
147 148
148 150
150 153
153 154
154 154
156 156
157 157
158 161
161 161
161 163
164 165
167 167
168 169
169 171
172 172
176 177
178 178
179 180
182 183
184 184
184 185
185 187
187 190
192 193
193 193
194 194
196 197
197 198
199 199
200 201
202 203
203 204
205 207
209 209
210 213
214 215
215 215
216 216
216 217
218 219
219 221
223 223
224 225
225 226
227 227
228 229
230 230
233 235
236 237
237 238
240 240
240 241
241 241
242 242
243 244
244 245
246 248
249 251
251 251
251 252
255 255
256 258
261 261
262 263
263 264
265 268
269 270
270 271
271 272
273 273
278 279
280 281
282 284
284 285
287 287
288 292
292 293
294 298
298 299
301 301
302 304
305 307
308 308
313 314
315 316
320 320
