72 15
101 136
38 92
190 204
3 59
121 153
81 239
29 111
141 214
48 75
169 178
222 103
153 194
18 140
240 206
38 92
60 239
191 116
151 144
3 28
200 82
105 173
226 47
211 72
132 161
157 193
16 124
64 37
240 89
164 145
173 221
115 9
207 32
240 54
77 160
1 25
101 188
228 131
118 174
203 1
53 72
165 46
184 19
148 231
40 67
90 120
217 139
10 169
234 83
151 112
56 134
218 99
167 203
31 77
1 95
161 185
147 106
239 52
125 23
162 200
1 120
142 181
44 94
68 139
179 16
197 158
226 114
214 87
135 12
176 225
59 212
108 152
31 7
129 193
79 172
239 148
101 1
209 50
123 224
161 80
22 71
96 50
141 240
185 118
168 205
42 68
15 115
156 184
86 136
63 239
154 37
110 161
220 82
201 7
56 182
238 150
29 128
174 101
49 75
148 197
216 21
96 123
235 66
174 162
118 37
139 12
62 90
192 215
116 235
189 29
3 81
107 140
156 166
213 207
42 130
183 21
72 229
100 156
33 205
60 124
226 148
15 92
168 198
47 223
161 79
178 213
7 112
142 224
207 167
36 70
100 27
62 130
186 201
217 158
240 50
123 84
151 233
112 193
37 174
75 139
203 63
97 165
222 51
124 188
83 214
154 40
113 237
142 209
103 171
57 93
190 163
131 200
226 79
153 118
215 63
176 102
142 200
89 128
233 160
187 223
109 146
94 134
179 1
2 2
2 8
9 10
11 13
13 13
13 16
16 17
18 19
19 22
22 22
22 22
26 26
26 27
29 29
31 32
32 35
36 38
41 42
43 45
45 46
48 48
48 48
49 51
52 52
53 56
56 57
57 59
61 61
62 64
65 65
65 66
67 67
68 69
73 74
74 77
77 77
77 77
78 80
80 80
81 81
81 81
82 84
87 87
87 89
89 89
89 91
95 96
96 97
99 100
101 103
103 103
104 106
106 107
109 111
111 111
111 113
114 114
115 116
119 119
119 120
122 122
122 123
124 125
127 129
130 130
131 131
132 133
135 136
139 140
140 141
141 142
142 144
145 146
146 147
148 148
152 153
154 154
155 155
156 157
158 160
160 160
161 162
162 163
164 164
164 166
166 168
169 169
171 172
172 173
173 175
176 177
177 177
179 180
181 181
181 183
184 185
185 188
189 191
192 193
193 194
195 195
195 197
199 199
201 202
203 203
204 204
204 204
204 207
209 211
212 213
213 213
213 213
215 216
217 219
219 219
220 221
221 224
224 227
227 228
229 229
230 232
232 234
234 237
237 239
240 240
240 241
241 241
242 243
244 245
246 248
249 250
250 250
250 250
252 252
255 256
259 260
260 262
262 263
263 264
266 266
270 271
271 272
274 275
277 278
278 279
281 282
282 285
285 286
287 289
290 291
292 293
293 294
297 299
300 300
303 303
305 307
309 310
310 310
314 314
317 318
318 320
320 320
