19 115
124 146
158 201
9 213
1 61
95 167
80 108
240 34
227 120
21 202
8 158
169 79
93 36
115 125
225 160
136 180
24 148
161 239
63 80
90 6
48 95
160 23
117 139
225 240
185 58
75 85
96 162
38 27
110 239
19 209
11 72
81 223
2 99
57 47
66 144
240 36
88 154
126 98
163 211
238 13
64 71
5 84
156 221
240 53
42 232
103 161
137 209
29 177
193 170
195 221
144 160
208 57
151 14
85 183
46 95
218 3
31 132
165 107
240 60
69 113
141 44
172 187
86 202
234 30
129 118
153 220
97 161
226 64
128 184
6 54
80 208
108 144
40 33
167 193
133 90
160 236
62 116
23 199
221 99
174 15
49 11
43 120
80 141
204 161
181 83
2 51
59 229
110 94
166 80
130 188
210 25
234 161
170 16
116 214
193 81
50 135
153 240
41 59
68 90
101 87
156 204
4 34
119 197
71 177
218 104
1 23
54 160
122 202
86 141
180 17
103 51
87 123
164 143
68 11
47 226
30 205
144 185
85 44
65 165
1 24
102 209
146 230
127 20
41 63
189 208
83 112
240 99
148 232
15 129
168 212
59 238
110 34
98 127
190 10
77 170
210 55
29 152
93 170
240 3
74 110
190 44
52 127
212 21
89 149
236 37
193 16
127 214
172 35
41 65
126 150
81 236
85 215
8 103
124 32
81 196
169 56
240 142
30 3
81 191
100 123
169 188
23 44
78 240
208 100
144 149
168 55
119 71
38 190
13 48
98 68
161 240
91 116
216 38
5 31
218 89
112 180
240 137
191 60
83 156
240 23
110 131
50 168
208 11
71 185
86 42
4 165
81 182
208 35
80 14
20 28
91 100
219 227
1 1
1 1
1 2
4 4
5 5
6 6
7 7
8 9
9 10
12 15
17 19
19 20
21 22
22 24
24 25
26 26
27 27
31 31
32 32
32 34
34 35
38 39
40 40
40 41
42 44
44 44
45 45
46 48
48 48
51 51
52 55
55 55
56 56
57 58
58 58
58 60
60 61
62 63
63 65
67 69
71 71
73 73
73 73
73 74
75 76
77 77
78 78
80 80
80 81
84 84
85 85
85 87
87 88
88 88
90 91
93 94
95 95
95 97
99 100
100 101
101 103
103 103
104 104
104 105
106 107
107 108
110 113
113 114
114 114
115 115
116 116
117 117
118 119
119 119
122 123
123 123
126 126
127 128
128 129
129 130
130 132
132 132
133 134
135 136
137 138
139 140
141 141
142 144
144 145
145 145
145 147
148 149
151 153
153 153
154 155
156 156
156 157
158 158
160 160
160 161
161 161
162 162
162 162
164 164
164 167
169 169
170 170
171 171
172 172
174 177
177 180
180 180
182 183
184 185
185 185
186 186
187 188
191 192
192 192
194 194
194 194
196 196
197 198
199 200
200 201
202 202
202 204
204 204
205 205
207 208
209 209
210 211
211 212
212 214
215 215
217 218
220 220
222 222
222 223
225 225
226 227
227 228
228 229
232 232
234 235
236 238
238 238
240 241
241 241
241 241
242 242
245 247
249 249
249 250
251 251
252 253
253 254
256 257
258 259
260 260
261 263
265 265
265 265
266 269
271 271
271 272
273 274
275 275
278 278
278 280
280 280
281 281
282 285
287 289
289 290
291 291
291 292
293 295
295 297
298 299
299 302
303 305
305 307
307 307
309 310
311 311
313 313
314 317
318 320
320 320
320 320
320 320
