22 94
122 179
187 50
133 83
9 161
40 169
69 3
144 201
240 98
107 32
151 178
82 123
224 68
20 156
135 102
92 219
43 118
79 182
71 204
5 229
240 8
128 171
31 99
154 59
138 87
209 234
50 81
119 158
178 14
217 239
89 7
39 71
97 81
148 106
132 1
168 202
223 27
1 154
55 206
138 89
189 107
228 176
13 127
43 72
80 193
238 109
157 28
240 7
212 231
142 62
92 196
108 158
177 34
73 20
236 56
141 215
1 89
125 160
240 14
177 27
86 106
199 68
45 180
1 238
82 122
14 219
40 62
102 140
200 58
162 80
100 7
120 35
149 222
136 165
183 53
28 96
147 134
202 1
72 163
49 114
223 162
21 93
67 186
42 130
15 204
80 146
90 60
222 161
106 126
34 183
76 6
56 104
125 225
29 73
80 161
1 205
141 22
78 102
121 186
47 159
70 18
94 202
179 14
67 41
89 118
137 222
156 9
36 82
94 200
59 240
218 35
112 136
92 237
1 177
199 154
27 109
76 86
134 221
25 49
127 103
18 75
222 150
196 238
211 42
99 125
11 68
146 170
117 97
210 87
31 61
143 187
220 239
87 163
17 49
106 79
35 120
136 42
160 212
232 178
6 80
194 71
154 32
65 209
94 57
231 123
15 51
186 9
227 143
161 44
81 204
136 34
73 161
219 24
63 130
197 91
14 154
21 53
112 84
123 1
147 214
75 108
234 39
161 186
100 136
24 207
58 93
10 50
122 228
155 1
202 42
81 114
108 171
144 66
136 91
1 15
185 51
240 80
127 32
66 126
1 1
1 1
1 2
3 4
5 6
8 8
9 10
10 10
11 13
13 14
14 15
16 17
18 20
21 22
23 27
29 29
30 30
32 32
34 35
36 36
36 37
37 37
38 40
40 42
43 44
46 46
47 47
47 47
49 50
53 54
55 56
56 56
56 57
57 58
59 61
61 61
63 65
67 68
69 69
70 72
73 74
74 76
77 77
78 78
78 78
78 80
80 81
82 83
83 83
84 85
87 88
89 89
90 91
91 92
93 94
94 94
95 95
97 98
99 101
101 102
102 102
102 104
105 107
109 109
110 110
111 111
112 112
112 112
113 117
117 119
120 121
121 122
122 123
124 125
125 126
129 130
130 131
131 132
132 132
134 136
136 138
139 139
141 142
143 143
146 146
147 147
148 150
150 151
152 154
156 156
157 158
161 161
161 162
163 163
163 163
164 164
166 169
169 169
170 171
172 172
173 175
176 178
179 180
180 181
181 182
183 186
187 188
188 188
188 188
190 190
191 193
193 193
196 196
197 198
198 199
200 200
201 203
204 205
206 206
207 209
210 210
210 211
212 213
215 216
216 216
217 217
219 221
222 223
223 224
225 227
227 227
227 231
232 232
233 236
237 239
240 240
240 242
242 242
242 243
244 244
245 247
248 249
250 250
251 252
252 255
258 259
259 260
260 261
262 263
263 265
267 268
268 269
269 271
272 273
274 275
276 277
278 279
279 280
281 282
283 283
286 286
286 287
288 289
290 290
292 294
295 296
297 298
299 299
300 301
301 302
302 302
303 303
307 308
311 312
313 313
313 315
316 317
317 320
320 320
