1 56
130 180
22 65
87 117
50 161
216 191
79 145
154 198
11 130
224 240
170 67
116 34
7 202
182 240
1 149
90 165
126 20
119 227
54 78
240 44
174 216
160 146
106 200
184 8
134 35
96 129
165 60
204 223
1 54
86 117
136 143
160 24
193 46
178 233
213 107
14 71
40 100
199 134
183 6
34 153
233 58
88 118
220 76
160 201
236 1
114 83
107 186
49 137
22 153
79 118
202 65
239 220
101 42
185 133
169 203
17 58
70 131
151 113
89 8
240 204
222 32
58 126
84 106
166 146
1 102
240 205
27 50
77 122
143 162
191 21
178 207
224 71
160 139
114 189
41 176
91 240
156 63
12 134
203 109
84 32
171 226
56 152
131 187
3 101
147 202
166 74
22 116
46 222
95 125
21 50
113 143
40 69
119 15
200 61
93 181
142 160
86 109
8 198
224 33
134 60
53 1
80 106
215 238
23 156
175 18
46 74
132 121
194 98
240 73
150 173
38 90
64 113
146 191
214 234
123 29
86 170
240 162
55 140
112 15
185 231
78 46
104 161
181 1
74 122
133 153
204 33
67 96
178 221
122 52
93 196
18 235
83 47
140 4
112 160
153 170
230 77
194 39
211 170
104 228
28 65
127 16
202 48
91 156
6 83
117 218
36 76
176 140
237 67
106 168
56 132
95 191
10 161
46 124
230 1
84 186
116 33
204 25
178 71
105 16
173 7
168 217
55 129
196 240
94 160
41 81
152 205
32 186
25 72
112 233
139 201
16 61
97 174
1 129
45 121
166 214
81 157
240 62
25 48
1 1
1 1
3 3
3 4
5 6
6 8
10 10
10 12
13 13
13 14
15 16
16 17
19 19
21 21
24 24
26 27
28 30
30 30
33 33
34 35
35 35
36 37
38 38
40 41
41 42
42 43
44 46
46 48
50 52
52 52
52 53
53 54
55 57
57 57
59 60
62 62
64 64
67 68
68 72
72 72
72 73
74 74
76 77
77 77
78 80
80 81
81 82
83 83
84 86
87 87
87 88
88 89
90 92
92 93
95 96
97 97
98 99
99 100
102 103
103 104
106 107
107 107
108 108
108 110
113 113
113 115
116 117
117 118
118 120
120 122
122 125
125 126
126 127
129 129
130 130
131 132
134 136
137 137
138 139
140 142
142 142
143 144
146 146
147 147
150 151
152 153
154 155
156 156
157 160
161 161
161 161
162 162
162 163
163 166
166 166
168 169
170 171
172 172
172 174
174 175
178 179
179 179
179 179
181 181
183 186
186 186
186 187
187 189
189 192
192 192
195 197
198 199
199 199
199 200
202 204
204 204
204 206
208 208
209 210
211 213
214 215
215 216
219 220
220 221
222 222
222 223
224 226
227 228
231 232
233 233
234 234
235 237
237 238
238 239
240 240
240 241
241 243
243 244
246 246
248 248
251 254
255 256
256 256
258 258
259 260
262 262
262 266
266 267
267 267
270 270
272 272
274 274
275 275
276 278
278 278
280 281
282 285
285 286
286 288
289 290
290 291
292 292
292 293
295 295
296 297
299 300
301 301
302 302
302 303
304 304
305 305
307 307
308 309
311 312
312 313
314 318
318 319
320 320
