10 35
183 216
1 61
98 160
240 83
49 18
161 197
107 94
156 240
144 174
50 78
125 38
236 105
65 31
212 92
54 3
81 181
190 39
70 240
135 61
160 81
2 30
173 106
183 19
73 160
129 37
230 62
116 240
101 8
1 90
161 81
51 160
135 23
151 107
39 171
239 184
202 61
98 183
11 240
216 135
28 191
49 69
86 160
120 3
112 225
202 167
80 99
233 55
17 73
143 88
129 51
81 153
29 199
225 112
63 177
43 23
187 101
56 140
219 2
73 93
127 155
165 35
116 227
204 50
18 81
175 66
30 215
102 188
11 43
143 153
129 123
24 57
94 174
8 204
234 86
113 184
160 214
81 191
74 148
140 236
81 101
18 65
130 167
202 227
33 177
240 123
1 30
210 61
238 94
117 188
154 46
219 28
111 141
166 76
200 90
240 227
178 43
134 12
26 108
187 86
160 210
71 126
41 9
58 81
216 25
171 103
237 144
199 7
121 69
221 23
159 182
83 101
140 40
205 7
1 22
188 233
120 69
161 168
213 193
81 19
39 116
154 172
1 203
220 240
56 80
99 120
163 1
177 231
37 203
17 141
98 185
80 117
38 161
59 205
144 183
16 80
232 35
165 120
77 208
106 168
12 34
237 216
80 190
54 240
98 129
174 198
156 222
34 14
53 72
127 178
139 206
114 239
53 160
84 35
69 75
14 140
166 120
211 81
192 36
56 123
146 240
106 171
219 195
71 19
151 39
227 61
76 111
204 79
239 105
181 1
1 1
1 3
3 5
5 5
8 9
12 13
17 18
19 21
21 22
22 23
25 27
28 28
30 31
33 33
34 36
37 37
37 40
42 43
43 45
46 46
47 50
50 51
53 55
56 56
58 59
60 60
61 61
62 63
64 65
65 65
67 68
70 71
72 73
76 77
77 77
78 78
80 81
81 82
82 83
85 86
86 87
87 87
88 89
90 90
91 92
93 96
97 97
98 99
102 102
103 103
104 106
106 108
108 108
110 112
113 115
117 117
118 121
121 121
122 122
122 123
123 125
126 127
127 128
130 131
131 131
132 135
136 137
138 139
141 141
142 143
145 147
147 147
149 150
150 152
153 153
153 156
156 157
157 158
160 161
161 163
163 164
165 165
166 166
166 167
167 167
168 169
172 172
174 174
176 176
176 178
179 179
180 183
183 183
184 185
186 186
187 189
190 190
191 192
193 196
197 197
197 198
199 200
202 203
204 204
205 205
206 206
208 208
209 209
211 211
212 214
214 215
215 215
216 217
218 221
222 222
223 224
225 225
225 226
228 229
232 232
232 232
232 233
234 234
234 237
238 238
240 240
241 241
241 242
243 244
245 246
246 247
247 249
249 250
251 255
255 256
256 256
257 259
260 262
262 263
267 268
268 268
269 270
270 274
274 275
277 278
279 280
280 281
282 282
285 285
285 288
289 290
291 292
292 294
295 295
295 296
297 298
299 299
300 302
305 306
306 306
307 308
308 308
309 312
314 314
316 316
318 318
318 318
319 319
320 320
