154 138
225 160
178 240
106 74
122 161
27 240
80 43
160 72
240 1
171 81
90 17
160 226
240 212
16 112
80 160
43 72
240 177
135 156
19 91
186 200
82 32
80 175
1 120
237 52
105 133
145 185
209 226
1 239
96 153
218 17
83 38
207 57
129 34
73 229
240 9
139 160
185 69
152 98
47 192
165 25
3 174
87 205
58 126
79 143
114 17
152 160
212 103
191 33
234 49
99 162
11 202
87 175
24 226
129 140
115 58
4 110
40 80
160 191
240 18
72 99
200 228
176 134
127 160
65 86
48 12
117 212
153 188
237 164
9 109
63 186
196 43
222 78
102 173
6 141
204 160
58 96
127 234
152 186
74 212
22 160
3 119
92 226
52 69
172 194
240 19
110 136
36 1
199 85
155 219
240 128
183 48
104 204
63 16
82 143
165 123
187 213
33 170
46 101
78 150
194 59
119 174
13 95
135 152
221 31
56 76
233 240
11 156
203 178
227 54
80 94
160 240
10 31
109 127
140 193
231 182
110 121
160 7
27 188
228 141
52 81
240 6
144 54
192 213
166 175
26 232
103 215
39 149
81 173
5 197
25 100
75 153
222 112
160 86
180 134
165 24
55 6
205 40
158 80
112 92
230 60
185 165
27 95
118 78
240 169
41 10
126 201
82 63
178 154
43 81
162 14
87 52
97 114
139 194
221 1
2 3
5 5
6 9
10 11
12 13
13 19
21 23
24 24
25 29
30 31
32 38
41 44
48 50
50 51
51 52
55 60
63 65
66 67
67 68
71 72
76 76
76 77
77 77
78 80
80 80
80 80
80 81
81 82
84 85
87 87
88 90
92 93
94 94
96 97
98 98
98 98
100 100
101 102
102 104
105 106
108 109
111 112
112 113
113 114
115 116
116 117
118 118
119 119
122 122
122 125
126 128
129 130
131 132
133 134
135 136
136 137
137 140
140 141
142 144
144 146
148 149
150 151
152 154
154 155
156 156
156 157
157 157
158 161
161 162
163 163
164 164
166 167
167 169
170 170
172 174
174 174
174 175
176 177
177 179
180 181
181 183
184 187
187 187
187 187
189 190
190 192
194 194
195 196
196 197
199 199
200 200
201 204
205 205
205 205
206 208
211 213
213 214
214 216
216 216
219 219
219 221
221 222
223 223
226 226
227 227
229 230
231 231
234 234
235 236
236 236
236 238
240 240
240 240
240 240
243 245
245 245
246 246
246 246
248 250
252 252
257 257
259 259
259 260
260 262
262 265
265 266
268 269
269 270
270 271
274 275
275 277
278 278
280 280
282 282
283 283
284 284
285 285
287 287
289 289
290 290
293 295
296 296
298 298
300 302
305 308
308 309
310 310
311 317
317 317
318 318
320 320
320 320
320 320
