34 49
61 160
1 172
197 220
81 114
184 146
99 240
18 80
155 240
15 140
39 80
240 26
197 219
160 185
80 18
9 177
103 47
160 72
32 80
206 124
145 10
230 1
214 56
1 40
174 80
197 226
156 66
112 122
146 166
187 180
227 237
24 137
204 92
158 240
101 14
133 160
54 6
41 70
79 140
29 118
161 90
202 240
185 129
14 103
80 232
57 67
43 211
37 6
194 88
119 168
219 98
175 26
128 104
156 182
62 80
54 205
13 229
140 44
81 116
166 92
36 190
214 124
151 236
5 30
101 175
67 132
200 220
23 54
163 80
2 114
140 124
184 201
226 91
47 81
19 229
155 240
174 208
80 100
123 195
38 64
212 128
236 14
83 149
56 32
112 133
173 188
71 94
11 220
52 196
80 116
159 173
7 100
144 30
79 125
203 104
228 180
239 25
64 82
153 164
211 7
81 1
188 87
134 109
158 235
26 172
71 143
197 218
240 53
92 160
203 1
29 74
181 117
120 161
231 76
20 132
155 173
211 221
147 100
125 191
166 218
1 149
37 83
107 224
131 116
35 177
81 87
156 202
47 232
21 115
69 141
94 48
186 14
165 27
121 80
100 150
31 54
223 14
81 154
105 128
175 60
206 138
19 115
92 42
188 68
2 24
171 149
51 76
130 6
32 156
161 85
113 187
39 240
13 93
66 25
49 78
106 130
178 1
1 1
2 5
5 5
5 6
6 6
7 11
11 12
20 23
24 25
29 31
32 32
33 36
36 40
43 44
48 54
55 56
57 57
59 60
60 63
65 67
68 68
70 71
74 75
75 75
76 76
76 77
78 78
80 80
80 80
81 81
81 82
82 83
85 85
86 88
90 91
91 93
94 95
95 97
98 99
99 101
102 104
105 106
107 109
109 112
112 113
114 115
115 117
118 118
120 121
123 123
124 124
125 127
129 130
130 131
131 132
132 135
136 137
138 138
138 138
139 140
141 143
144 145
147 148
148 148
148 150
151 151
153 155
155 155
156 157
157 157
160 160
160 160
161 162
162 164
165 166
166 167
167 168
168 168
169 171
172 174
175 175
177 177
178 180
181 181
182 182
182 186
186 187
187 188
188 189
189 189
191 193
194 195
196 197
197 198
200 200
202 202
204 204
204 205
209 209
210 211
212 212
213 213
215 217
217 218
218 221
221 222
222 226
227 227
228 229
230 231
231 232
235 235
237 237
238 240
240 240
240 240
240 241
242 242
243 244
246 247
247 248
251 251
251 252
254 257
257 258
259 259
259 260
262 263
263 265
266 268
270 270
271 271
272 272
273 276
276 279
279 280
281 282
282 283
283 283
288 288
290 292
293 294
295 295
297 301
301 301
302 303
304 306
307 308
308 310
311 312
313 316
316 317
317 318
320 320
320 320
320 320
