10 131
142 159
186 40
152 175
69 207
237 81
2 162
31 54
104 113
91 48
80 127
136 69
184 211
160 34
81 195
113 91
2 126
82 173
24 64
240 53
42 81
13 115
160 80
167 137
70 221
1 24
44 61
232 160
101 192
33 50
84 12
168 76
132 177
199 160
1 63
1 19
231 96
119 38
54 132
212 166
191 14
238 78
144 160
189 26
44 154
106 143
1 67
161 188
178 202
220 239
122 161
39 21
59 133
1 195
83 143
183 31
156 49
240 68
110 120
211 229
188 96
90 39
142 173
60 160
1 23
151 203
80 182
54 132
158 212
1 239
108 117
134 195
68 170
221 47
98 146
160 240
31 91
178 129
207 155
84 161
240 61
188 29
123 109
134 219
79 169
12 197
161 240
43 57
146 103
26 196
75 180
213 8
232 156
164 87
112 148
120 130
217 81
94 53
229 37
185 1
138 207
221 8
71 168
24 112
89 191
240 127
150 35
80 217
68 51
232 157
202 8
81 1
136 170
183 88
161 38
24 108
69 122
140 240
84 211
49 7
127 1
194 220
24 67
146 161
173 94
232 155
110 6
85 67
47 132
173 35
64 151
180 28
74 221
161 202
134 191
89 6
24 178
240 46
66 80
138 120
207 161
228 50
84 240
5 210
151 67
144 24
80 88
100 168
177 161
192 233
125 38
240 150
98 219
7 25
104 111
77 177
123 85
131 1
205 240
157 26
229 43
137 185
9 91
164 141
118 96
79 157
168 193
240 13
30 220
61 124
45 240
203 85
180 156
16 37
44 68
78 108
133 238
214 16
164 50
91 117
142 197
222 74
30 98
150 160
1 178
126 56
232 1
160 210
80 105
133 22
41 95
193 6
63 143
161 172
1 1
1 1
1 2
2 2
4 4
4 7
8 8
9 9
9 10
11 12
12 13
14 16
16 16
17 21
21 21
22 23
24 25
26 26
27 28
28 30
33 33
35 35
35 37
38 39
40 40
44 44
44 47
47 48
49 52
53 53
53 54
54 55
55 58
58 59
60 62
64 64
66 67
67 68
68 69
69 70
70 71
73 74
74 76
76 78
78 78
81 81
82 82
82 82
83 84
84 84
85 85
86 87
87 87
88 89
90 92
97 98
99 101
101 103
103 103
103 103
104 105
108 110
110 110
112 112
113 113
113 113
116 116
118 118
119 119
121 121
122 122
126 126
127 127
127 129
129 129
130 130
131 131
133 135
135 137
139 140
140 141
141 142
143 145
145 145
146 146
147 147
148 150
151 151
151 152
154 155
156 156
156 157
157 158
158 160
160 160
161 161
161 162
162 163
163 164
164 165
166 167
168 169
170 170
171 171
172 172
172 176
176 177
179 179
180 181
182 184
184 185
185 187
187 187
187 188
190 192
193 193
194 194
194 194
196 196
197 200
202 203
203 203
204 204
204 204
205 208
208 209
210 211
211 212
213 213
216 217
217 218
218 219
219 219
220 220
223 224
226 227
227 227
229 230
230 230
231 232
232 234
235 237
237 237
238 238
240 241
242 243
243 243
243 243
243 244
244 244
245 247
248 250
251 251
252 252
252 253
255 255
256 257
257 258
258 259
261 264
264 265
265 265
266 266
268 271
272 273
275 275
275 275
275 277
277 277
279 281
282 282
283 286
286 287
288 290
290 290
290 290
290 292
294 295
295 297
297 297
297 300
300 301
303 303
304 304
305 306
307 308
308 311
311 311
312 312
312 314
316 316
317 318
318 320
320 320
