26 111
146 170
160 203
233 191
78 14
55 222
165 1
41 85
96 131
29 176
235 141
240 58
160 20
43 73
80 84
101 156
36 1
11 115
124 164
57 173
2 201
49 22
101 160
235 79
145 184
90 12
66 114
52 162
59 40
30 1
162 80
87 102
240 177
232 57
154 124
11 31
209 1
48 162
169 2
80 88
112 20
37 70
82 62
179 119
155 164
187 50
5 237
161 81
87 25
105 141
219 2
20 71
93 100
118 153
171 199
179 192
213 236
64 131
161 226
13 31
140 53
190 93
7 25
80 45
119 69
158 182
128 240
205 1
66 17
169 142
230 34
54 96
106 160
81 174
198 216
75 25
127 45
158 9
216 240
190 66
1 39
117 168
143 199
93 102
226 54
120 181
156 32
83 132
208 17
76 164
235 193
141 70
15 47
220 174
109 95
120 163
64 81
155 206
183 56
80 105
29 43
71 132
168 173
89 240
12 230
182 60
166 200
142 219
106 240
40 80
23 171
124 193
11 57
208 154
98 75
178 236
22 113
136 96
161 54
80 204
37 62
218 143
189 240
74 122
170 24
148 161
11 56
94 108
126 227
71 36
161 198
210 113
11 53
132 181
236 155
161 80
97 142
219 54
72 34
81 119
51 160
23 240
16 61
139 101
190 209
121 178
230 36
77 151
201 240
12 167
45 84
58 63
125 108
195 72
148 160
174 216
240 80
38 199
163 55
12 90
132 68
156 180
25 78
113 138
228 13
87 208
93 99
112 166
74 156
120 193
146 15
31 100
238 126
174 218
80 153
202 107
85 78
134 158
182 1
19 68
229 209
50 33
114 138
193 170
240 5
74 146
26 33
57 98
123 5
226 204
154 240
80 107
39 132
1 162
187 212
63 19
89 141
155 169
1 46
81 116
161 78
103 85
221 1
1 1
1 2
3 3
5 6
7 7
7 9
10 10
10 11
12 13
14 14
15 15
16 18
19 20
21 21
22 22
22 23
25 25
25 26
27 28
29 30
30 31
32 34
34 34
35 35
35 36
37 37
38 39
39 40
41 43
44 44
46 46
47 48
49 50
51 51
52 53
55 55
56 57
57 58
59 61
61 63
64 64
64 65
66 66
67 67
70 72
73 74
75 76
77 77
78 80
80 80
81 81
81 81
81 81
82 82
82 83
84 84
84 85
86 86
87 88
89 90
93 93
95 97
97 97
98 98
101 101
101 103
104 105
106 107
108 109
110 110
111 113
114 114
114 116
116 116
116 119
120 121
122 122
123 123
123 126
127 128
129 129
129 130
132 133
133 134
138 138
138 139
140 140
140 140
141 142
144 145
147 148
150 151
151 151
152 154
156 156
156 157
157 157
157 158
160 160
160 161
161 161
161 161
161 163
163 164
164 166
167 168
168 169
170 172
172 173
173 174
176 177
179 180
180 180
181 182
183 183
185 187
187 187
189 189
190 190
190 191
193 193
195 196
197 198
198 199
201 201
201 203
204 204
205 205
205 206
207 207
207 212
213 214
214 214
215 215
216 216
219 220
220 221
222 222
223 224
224 227
227 228
228 229
229 229
230 231
231 234
235 235
236 236
236 236
236 237
237 238
238 240
240 241
243 243
244 244
244 244
246 246
247 248
249 250
251 252
253 253
254 254
255 256
256 256
260 260
261 261
263 264
264 266
266 267
267 268
269 271
273 274
274 274
275 276
276 277
278 279
283 284
285 285
285 285
286 286
286 287
288 289
291 291
291 294
296 296
297 297
297 299
300 300
300 301
304 304
305 306
306 307
307 308
308 310
311 311
311 312
313 313
315 316
316 317
317 317
317 317
318 318
320 320
