53 78
88 164
175 104
132 201
9 44
117 232
185 2
36 240
156 80
88 24
65 200
240 231
14 162
51 93
174 105
39 124
141 1
160 185
68 151
4 30
52 83
95 111
162 46
21 240
124 134
67 7
59 182
31 160
210 240
88 110
100 154
193 21
76 61
123 49
162 129
39 10
1 240
96 82
112 2
67 240
133 164
20 40
218 57
178 240
160 97
8 28
45 121
229 1
79 70
128 188
240 164
58 173
195 14
84 104
159 169
33 140
191 48
238 90
9 114
227 82
127 161
187 207
73 21
139 169
39 234
1 148
61 160
114 15
32 101
53 88
127 77
226 166
189 136
9 212
24 176
42 150
237 61
103 160
113 1
89 182
205 223
32 82
52 16
135 166
223 73
46 196
124 175
150 160
109 100
182 205
232 60
10 78
126 39
23 90
162 188
138 82
214 170
240 121
147 199
20 52
76 159
1 113
179 225
92 2
34 82
115 144
157 171
238 70
100 126
200 222
161 212
189 34
48 240
17 94
137 66
234 160
187 171
204 147
44 224
28 111
85 176
129 61
198 213
79 103
158 182
25 240
117 141
58 100
40 208
222 147
161 193
78 126
27 173
13 152
59 98
38 74
112 130
231 240
160 202
13 116
56 213
136 184
158 163
240 83
100 35
56 74
145 222
121 24
16 62
162 103
141 80
169 238
123 192
211 11
123 156
78 181
233 88
154 34
64 54
168 127
109 197
150 175
38 80
160 218
11 55
91 200
68 25
133 157
166 78
181 240
113 222
12 87
138 229
93 99
209 73
110 166
60 120
194 13
30 145
99 239
79 126
173 218
152 202
84 106
1 16
66 133
157 181
48 229
209 31
112 161
2 72
192 23
168 238
144 30
55 96
121 2
36 78
152 226
105 203
9 130
239 1
60 16
47 27
86 120
168 185
211 1
1 1
1 1
3 3
3 4
4 4
4 6
7 7
7 8
11 11
12 12
12 12
14 15
15 16
16 16
17 18
19 19
20 21
21 22
22 23
25 26
27 27
28 28
29 30
30 32
33 34
35 36
36 37
37 37
38 41
41 42
42 42
43 43
44 44
46 47
48 49
50 51
51 52
53 53
55 57
57 58
58 59
60 62
63 65
65 66
67 69
69 69
69 69
70 70
72 73
73 73
74 77
77 78
80 81
81 81
82 83
83 83
84 84
85 86
86 87
88 88
88 90
90 92
93 93
93 94
95 96
97 98
98 99
102 102
102 103
104 105
107 107
108 108
110 111
112 113
116 117
117 118
119 120
120 121
122 122
123 123
123 126
126 127
128 128
129 131
133 134
134 136
136 137
137 139
140 140
140 142
143 144
144 144
145 146
146 146
146 147
148 148
152 152
155 155
155 156
156 156
156 157
158 158
158 160
161 161
161 161
161 161
161 161
163 163
163 163
164 165
165 166
167 167
168 169
169 169
173 173
174 174
175 175
176 178
178 179
179 180
183 185
186 187
188 189
189 189
191 192
193 194
194 196
196 197
198 201
202 203
203 205
205 206
206 208
208 209
210 212
212 212
212 213
213 215
215 219
219 220
220 222
222 224
224 224
225 227
228 228
228 228
228 231
233 234
234 234
236 236
237 237
237 238
238 238
241 241
241 242
243 243
244 244
245 245
246 246
249 250
251 252
252 253
253 254
254 257
257 257
257 260
261 261
261 261
262 262
262 263
265 266
268 268
269 270
270 271
273 273
274 275
275 277
278 279
279 281
282 283
283 284
284 286
287 290
290 291
292 292
293 293
293 295
295 296
297 299
299 302
303 303
304 304
304 305
306 306
307 308
309 313
313 313
313 314
314 316
316 316
317 317
318 318
320 320
320 320
320 320
