14 43
89 119
160 192
61 81
151 35
212 240
144 1
80 238
161 27
107 139
35 240
163 202
1 45
160 26
81 113
137 240
16 74
31 50
97 140
202 62
23 42
161 228
1 129
238 81
101 149
18 34
211 77
239 161
139 223
10 65
81 112
25 164
238 203
160 86
62 8
129 101
179 223
150 123
238 22
80 1
37 115
9 162
198 208
97 142
184 214
80 236
160 177
27 3
92 224
195 123
81 168
66 183
227 161
201 20
101 132
147 227
80 116
96 161
196 112
62 16
38 183
79 227
158 130
13 78
169 196
111 37
56 94
181 210
80 125
164 146
194 78
98 224
163 109
130 33
146 77
193 92
1 170
50 221
31 203
5 77
133 165
239 150
28 111
160 217
48 180
197 134
240 78
5 46
172 231
158 166
95 80
138 24
189 208
118 1
172 99
179 139
205 1
24 148
30 65
84 161
198 154
1 220
47 187
81 105
161 172
25 151
235 8
52 134
28 218
80 190
91 113
148 124
160 198
209 60
66 177
117 80
138 201
227 158
54 98
123 37
240 222
79 206
136 13
108 179
156 37
86 60
231 192
209 43
117 18
80 89
101 131
160 219
145 193
235 46
72 80
26 3
99 173
206 167
54 157
197 81
223 116
187 216
238 33
88 81
209 16
60 115
133 160
150 199
79 219
1 108
182 74
237 148
207 82
89 131
168 1
227 9
62 100
191 178
215 38
67 113
18 165
28 80
207 239
130 5
73 155
1 1
1 1
1 1
3 3
3 4
4 4
8 10
10 10
13 15
24 24
26 27
28 29
33 34
34 35
38 39
42 43
49 49
53 53
53 59
59 60
61 61
61 62
63 65
65 67
70 70
71 73
73 74
76 77
80 80
81 81
81 81
82 82
84 86
88 89
90 91
91 94
94 94
96 97
97 99
99 102
102 103
105 105
105 105
106 106
107 108
109 109
111 111
112 113
113 114
117 118
119 119
122 123
124 125
125 129
129 130
131 131
132 133
134 134
137 138
139 140
140 143
144 144
146 147
148 150
150 151
152 153
154 154
156 156
157 158
158 160
160 161
161 162
164 165
167 168
168 169
169 170
173 174
175 176
178 178
179 179
179 179
180 182
187 187
188 188
189 189
189 190
190 192
196 196
196 197
199 199
200 201
201 203
203 203
204 205
205 207
209 210
211 212
213 213
214 215
217 217
217 218
219 220
221 221
223 223
223 223
225 228
230 232
233 233
234 234
236 236
237 237
237 238
238 238
238 240
240 241
242 243
244 244
244 245
246 247
248 249
249 250
251 252
253 255
255 256
257 258
258 259
259 261
261 263
263 267
267 267
267 268
268 268
270 270
271 272
274 274
275 276
276 276
276 279
280 280
280 281
281 283
284 287
287 288
288 289
290 291
292 293
293 293
295 295
296 297
300 300
300 301
302 304
304 305
305 305
305 308
308 310
311 311
311 314
314 315
315 315
316 316
317 317
317 317
318 320
320 320
