35 103
220 80
202 51
160 238
9 27
117 162
207 39
81 217
1 20
106 59
160 80
240 52
12 143
43 182
81 138
226 64
1 21
40 158
203 80
129 101
208 231
240 57
33 142
178 188
2 121
18 75
163 194
157 240
53 30
71 240
7 81
175 148
161 240
1 81
29 25
45 80
207 112
126 240
96 161
1 75
21 176
91 42
161 79
138 208
18 59
57 236
91 74
161 192
240 17
37 176
144 127
206 36
18 90
111 127
174 57
15 160
203 146
32 58
220 14
80 92
161 178
199 11
232 30
154 140
148 213
161 119
131 171
228 63
78 189
100 154
161 8
80 121
186 25
227 130
180 136
143 10
48 67
81 169
202 105
154 32
89 80
239 198
134 11
218 160
117 195
233 80
173 38
131 97
191 15
76 160
231 60
183 142
210 107
83 41
205 189
24 65
121 163
94 239
140 1
73 80
215 176
193 25
47 162
228 1
31 87
77 116
204 178
7 131
223 34
60 160
240 192
15 47
73 82
123 143
183 209
57 70
85 103
43 173
233 53
161 77
225 23
160 196
50 84
103 121
138 6
111 186
240 207
161 169
97 63
224 137
80 156
195 120
16 215
82 180
240 52
90 103
162 29
58 1
9 70
155 196
137 227
80 89
111 210
100 240
160 166
52 78
59 144
193 226
127 141
1 80
75 170
30 92
160 238
2 82
213 11
45 136
104 187
119 128
95 224
20 80
163 64
70 153
205 4
82 35
16 196
237 1
1 1
2 4
6 7
8 12
12 13
13 16
18 18
19 20
20 20
24 25
26 28
30 33
37 39
40 41
43 44
45 47
47 48
48 48
50 50
52 52
52 52
55 58
59 59
59 60
61 62
62 62
62 65
65 66
69 69
71 72
72 72
74 76
76 77
77 80
81 81
84 85
86 86
86 87
88 90
90 92
92 93
97 98
99 100
100 101
101 107
107 108
111 111
111 112
113 113
113 114
116 118
119 120
122 123
123 124
127 129
132 132
135 136
137 137
140 142
145 145
145 145
149 149
150 152
155 156
156 157
158 160
160 160
161 161
161 162
162 165
166 166
168 168
169 170
171 174
175 175
176 176
177 178
178 178
179 181
183 184
185 185
186 187
189 190
191 192
192 192
193 195
196 196
197 197
198 198
199 199
201 202
205 205
207 208
209 210
211 213
213 214
215 216
216 217
219 220
220 220
221 221
223 223
225 226
227 227
228 229
229 229
230 231
231 234
236 237
237 237
238 240
240 240
240 241
242 242
244 245
245 245
245 246
246 246
247 248
252 252
253 253
253 256
256 256
256 257
258 258
258 260
261 263
263 264
265 266
267 268
268 268
269 270
273 275
275 275
276 276
280 280
281 281
282 282
282 282
282 283
283 285
289 289
289 290
290 292
292 294
294 295
295 295
295 296
296 299
299 300
300 301
302 302
302 303
303 303
305 306
307 308
308 309
309 310
310 311
312 314
315 315
316 316
317 317
318 320
320 320
