17 41
214 236
160 125
147 240
62 14
177 192
240 8
158 79
188 229
210 73
1 161
44 238
94 196
15 37
167 240
78 124
29 113
160 57
100 130
12 177
199 240
190 7
111 84
160 183
100 117
239 178
17 49
144 63
32 12
113 209
28 53
80 133
145 209
225 240
80 87
177 29
162 99
128 11
113 178
193 80
240 64
143 81
27 48
64 111
227 240
10 191
28 140
233 84
105 121
74 225
158 238
191 13
80 30
98 116
136 201
240 160
187 170
92 77
86 151
204 57
109 167
127 161
215 16
1 38
92 240
81 208
200 182
99 20
60 125
141 161
68 181
239 75
81 119
199 53
91 220
224 7
44 69
109 141
160 213
81 93
205 28
229 73
136 64
193 157
57 81
172 210
112 71
80 130
38 17
100 171
225 1
123 187
81 150
161 207
24 48
145 129
7 61
160 104
35 239
80 179
219 197
156 15
117 134
235 174
211 19
30 58
119 146
192 1
73 80
161 184
226 4
101 134
203 30
85 125
152 15
46 116
176 197
238 80
168 22
139 161
233 5
37 17
47 65
179 209
81 129
160 240
73 151
2 113
42 9
201 224
169 101
140 65
25 57
83 160
124 240
2 36
184 211
81 49
65 101
3 142
175 234
17 82
29 37
59 158
193 46
50 217
114 80
141 175
1 90
74 8
123 239
22 30
200 43
113 162
100 223
86 137
1 60
69 46
175 13
113 206
21 164
35 156
80 84
190 60
70 133
222 6
123 168
160 37
23 103
191 205
74 8
51 86
96 143
157 1
1 1
1 2
4 4
4 5
7 7
7 14
15 15
18 18
20 22
24 26
26 28
28 29
30 31
33 33
37 40
40 41
41 41
43 43
43 44
45 49
49 50
51 53
55 56
57 59
60 62
64 66
67 67
68 69
72 73
73 75
76 76
81 81
81 81
81 83
86 87
89 90
92 92
93 94
94 94
95 96
97 99
101 104
104 104
106 108
108 109
109 112
113 113
116 116
116 117
117 119
119 120
121 126
127 127
127 127
128 128
129 129
131 134
137 137
137 139
140 141
141 142
142 142
143 144
144 144
144 145
145 146
147 148
149 150
150 150
151 153
156 156
157 157
157 157
158 158
158 160
161 161
161 161
161 162
162 163
163 163
166 166
169 169
171 171
172 174
175 175
175 177
179 179
179 180
182 182
182 184
185 185
185 187
188 188
188 191
191 193
194 197
197 197
198 199
199 200
200 200
202 203
204 204
204 207
210 211
213 213
213 213
213 213
214 214
214 215
219 219
221 221
221 221
223 225
225 228
230 230
230 231
233 233
236 236
237 237
237 237
240 240
241 241
241 241
241 242
242 242
242 243
245 247
247 249
250 250
250 251
252 252
253 254
254 254
258 259
260 261
261 262
262 264
265 266
266 267
267 267
267 269
270 273
274 274
275 275
276 276
276 277
280 280
280 281
281 282
284 285
285 287
287 287
288 289
289 291
292 293
294 295
295 295
297 297
299 300
300 302
302 303
303 305
306 307
308 308
309 310
312 313
314 315
317 318
318 318
318 319
320 320
320 320
320 320
