28 48
120 59
105 81
93 166
178 240
80 3
160 151
138 66
239 52
80 176
162 188
36 240
64 145
221 2
95 240
81 124
136 27
194 115
208 16
225 240
8 1
65 93
143 134
156 211
52 123
81 18
108 240
42 98
13 162
188 26
56 81
6 80
160 1
105 42
233 240
150 165
178 156
193 64
29 9
44 85
205 2
75 171
211 224
108 159
238 48
172 136
191 97
199 17
128 207
89 30
60 218
4 181
158 195
147 240
76 104
27 2
51 133
161 207
170 97
124 42
215 183
160 87
148 192
116 220
240 199
79 35
100 165
107 130
177 55
232 240
6 153
182 206
26 87
48 194
102 161
116 209
237 1
134 225
62 38
150 161
168 21
55 174
95 112
74 126
226 145
213 161
39 79
237 35
14 123
149 196
71 52
161 132
33 85
213 176
229 147
126 160
67 106
49 229
23 190
89 5
108 126
140 157
32 67
209 187
93 234
126 167
150 201
67 88
181 236
142 160
216 35
178 133
116 125
93 197
75 214
107 150
237 161
228 80
19 98
40 167
186 209
106 1
114 80
159 25
240 104
184 134
5 72
81 144
103 110
239 187
93 201
216 28
136 48
80 71
177 108
1 153
161 173
214 9
230 53
117 164
33 82
191 96
186 65
13 80
140 43
221 113
238 124
196 19
77 156
172 47
82 240
60 90
1 105
233 162
184 28
154 203
136 222
240 1
170 80
116 73
84 159
164 188
212 233
150 18
80 134
173 1
82 112
160 189
2 64
185 240
144 10
39 47
232 81
91 128
171 201
111 58
160 192
26 154
1 72
216 80
240 32
104 1
1 1
3 4
5 6
7 9
9 10
11 11
12 13
14 16
17 23
23 24
24 25
25 26
27 27
28 29
29 31
31 31
32 35
36 37
40 41
41 42
43 43
44 44
45 45
46 47
47 48
52 52
52 55
57 58
58 58
59 60
60 62
64 67
68 68
69 70
72 73
73 73
74 74
76 77
80 80
80 80
81 81
81 81
83 84
85 85
87 87
88 89
90 90
91 92
93 96
98 98
98 102
102 103
103 104
104 105
106 107
108 108
110 110
111 113
114 114
116 116
117 118
119 120
120 121
123 124
125 126
127 127
127 129
130 131
132 132
132 133
133 134
134 138
138 139
139 141
141 142
144 144
145 145
145 147
148 148
150 150
152 152
152 153
153 156
157 157
158 158
159 160
162 162
164 166
166 166
167 168
169 171
172 175
175 175
177 177
178 179
179 180
180 182
183 184
184 185
186 187
187 188
189 190
190 191
195 197
197 198
198 199
199 202
206 206
206 207
207 208
210 212
213 214
214 215
215 217
217 218
218 218
221 221
222 224
224 225
225 225
226 227
229 231
232 232
234 234
235 235
237 240
240 240
240 241
241 241
242 244
244 244
245 245
246 246
247 247
248 249
249 250
251 251
253 254
255 255
255 256
256 257
261 262
263 264
264 264
265 265
266 267
268 269
270 270
270 271
272 272
273 275
275 276
276 276
278 278
279 279
281 283
283 284
285 286
287 287
288 289
289 289
290 292
292 293
294 297
297 298
299 300
301 302
302 304
304 304
305 306
307 307
308 309
310 310
310 310
310 311
313 314
315 316
316 317
317 318
319 319
320 320
