6 103
147 180
226 239
48 72
217 23
110 187
202 137
162 150
60 88
128 218
13 117
80 233
193 203
4 47
72 238
20 12
61 217
81 92
156 180
139 162
37 84
240 52
80 233
240 21
99 1
156 169
38 81
183 223
15 84
112 240
80 232
1 49
25 101
150 128
162 181
66 89
120 43
188 240
197 61
108 36
82 14
158 207
55 102
147 164
170 234
137 160
27 184
97 69
123 1
46 81
229 159
176 15
24 36
195 1
89 116
148 192
161 203
215 59
137 37
81 108
179 224
17 237
186 206
92 154
73 55
120 99
165 11
32 142
169 50
132 191
217 63
239 80
180 4
160 107
150 44
94 23
229 124
194 80
139 209
220 156
181 57
162 35
71 88
104 51
117 18
68 150
161 198
210 35
12 161
113 138
81 31
181 229
66 122
150 12
48 81
113 136
163 197
148 117
239 31
99 211
226 63
176 117
195 240
46 83
211 100
13 23
145 161
240 62
123 4
192 30
173 234
117 46
87 140
154 102
203 240
221 1
63 132
233 149
167 1
199 216
124 164
33 81
108 88
117 48
181 139
70 233
160 196
225 91
210 236
50 155
171 18
38 192
104 75
206 120
134 147
1 240
52 96
229 169
24 123
240 230
101 93
6 85
124 221
185 159
199 27
45 66
81 98
140 235
147 1
125 161
196 88
107 149
8 50
62 74
175 212
31 233
138 154
27 87
170 189
61 108
76 128
13 40
115 203
239 80
142 180
220 157
44 54
81 95
233 1
169 214
141 161
26 187
164 125
206 156
223 8
1 35
106 147
66 82
99 74
240 173
138 196
217 16
42 240
129 62
160 188
85 72
76 103
1 229
149 28
59 171
133 7
35 42
219 118
164 240
83 90
187 102
158 53
17 179
142 24
59 229
34 96
118 1
82 102
159 192
41 219
46 73
60 65
240 15
173 209
82 100
233 1
1 1
1 1
1 2
2 2
3 3
3 6
9 9
10 11
11 11
11 12
12 13
13 14
14 15
17 17
19 22
23 23
23 24
24 24
24 25
25 26
27 28
29 30
30 33
34 34
35 37
38 40
40 40
40 43
44 44
45 46
47 49
49 50
50 50
53 53
54 56
56 56
57 57
58 60
61 62
63 63
64 64
66 67
67 67
67 68
68 69
69 70
70 72
73 75
76 77
77 77
78 78
80 80
80 80
81 81
81 82
83 84
84 84
85 85
87 87
87 87
89 90
91 92
92 94
94 95
97 97
98 98
99 99
99 101
103 103
103 104
105 106
107 107
108 108
109 109
110 110
111 111
112 113
115 116
116 116
117 117
118 120
121 122
122 122
123 126
127 127
127 127
129 129
133 134
134 135
135 136
138 138
138 140
140 141
142 142
146 147
147 147
147 148
149 149
150 150
150 151
153 155
156 156
156 157
157 157
158 160
160 160
161 162
163 163
164 164
167 168
168 169
170 170
170 170
171 171
173 175
176 177
179 179
180 180
185 185
185 186
186 188
188 188
189 189
191 191
192 193
193 194
195 198
200 200
200 201
201 202
204 204
205 207
208 208
209 209
209 210
210 212
212 212
213 215
215 215
216 218
220 222
223 223
223 224
226 226
227 227
227 227
227 227
227 228
232 232
233 233
234 235
235 236
236 237
237 237
237 238
238 241
242 243
243 243
243 244
244 245
246 248
248 249
249 249
250 251
251 251
253 256
256 258
260 260
261 261
261 262
262 263
265 266
267 268
269 269
270 271
271 271
272 273
273 273
274 274
275 277
278 278
279 279
280 281
283 283
283 284
285 286
286 287
287 288
289 291
291 292
294 294
295 295
296 296
296 297
297 297
298 298
301 302
303 304
305 305
305 307
309 309
310 311
311 311
311 312
312 313
314 315
315 316
317 318
318 320
320 320
