6 22
26 48
96 128
213 228
71 61
240 38
85 17
116 160
179 204
189 162
75 101
240 44
25 122
160 61
81 164
179 240
193 20
207 38
80 102
72 10
29 125
161 173
49 151
160 235
186 89
5 66
112 143
162 204
211 18
84 219
37 59
131 105
181 77
240 124
170 229
49 160
193 13
119 207
92 156
240 146
69 46
182 138
218 112
81 171
5 60
225 103
160 130
19 202
39 239
47 216
41 95
114 176
208 229
77 32
8 54
121 143
187 164
72 191
154 2
212 25
81 239
102 200
44 65
82 116
129 172
146 1
79 161
231 20
177 203
56 93
184 72
110 125
240 39
204 89
138 15
172 56
80 219
232 33
135 159
53 15
88 203
33 81
69 144
171 31
100 134
157 184
218 52
120 169
233 10
83 240
66 1
105 138
197 121
216 232
151 166
24 181
83 6
50 213
66 193
81 107
138 160
175 2
21 224
235 135
84 212
50 152
169 188
18 237
53 144
185 220
128 108
137 68
80 90
240 143
202 120
160 178
15 217
149 111
69 240
230 37
175 57
191 212
18 94
124 80
139 155
167 225
70 115
42 143
160 188
240 120
23 113
1 104
144 204
239 45
63 84
117 180
159 218
167 144
26 80
161 215
7 68
125 168
49 92
193 230
162 106
78 172
188 206
29 57
145 14
124 133
221 8
22 86
118 79
147 175
197 237
60 161
71 99
17 112
240 42
164 186
159 231
77 203
141 24
52 173
123 222
240 83
115 163
90 4
190 31
58 155
212 75
233 140
144 81
94 101
89 129
176 203
118 163
43 74
80 21
186 148
56 240
81 85
98 133
105 116
233 173
202 32
68 7
38 81
193 75
157 48
217 144
240 110
132 54
62 57
161 173
205 2
69 80
87 232
74 160
28 164
42 113
144 36
187 7
223 105
117 52
82 124
169 13
58 240
68 149
160 21
36 80
163 229
46 5
191 1
1 1
1 1
1 1
1 2
3 4
8 8
9 9
10 10
11 12
13 14
16 18
19 20
20 23
24 24
24 24
24 25
26 26
28 29
31 33
34 34
36 36
36 37
39 39
39 40
41 42
42 42
42 42
42 44
46 46
47 48
48 48
49 51
52 53
54 54
54 55
55 55
57 58
58 59
59 60
62 63
64 66
67 67
68 70
70 71
72 72
73 73
74 75
75 76
79 80
80 81
81 81
81 81
81 82
83 84
84 84
84 85
86 88
89 90
91 91
92 92
92 93
95 96
96 96
96 96
97 99
100 104
104 104
105 105
105 106
108 108
109 109
109 111
112 112
113 113
114 115
118 118
118 118
119 122
123 124
126 126
126 127
127 128
128 129
133 133
134 135
135 135
136 137
137 139
140 140
141 142
144 144
144 144
145 145
146 147
148 149
149 150
151 152
153 156
156 157
157 157
157 158
161 161
161 161
162 163
163 165
167 168
168 170
173 174
174 174
174 175
176 176
177 177
179 179
180 180
181 181
181 183
184 186
187 188
188 189
190 190
191 191
194 195
195 195
196 196
197 197
197 198
199 201
202 202
202 204
205 207
207 208
210 211
212 212
213 213
213 214
214 215
215 216
219 221
221 221
221 222
222 222
223 224
224 226
226 227
230 231
231 232
232 233
234 234
236 236
237 237
240 240
240 240
241 241
241 241
241 242
242 243
245 246
247 247
249 249
249 250
250 251
254 255
256 257
257 258
258 259
260 260
260 261
262 264
265 265
265 267
268 268
269 269
271 271
271 272
272 272
272 273
274 275
276 277
279 279
280 281
281 283
283 284
284 285
285 285
286 286
287 287
289 291
291 291
292 292
293 294
295 295
296 296
298 298
299 299
299 300
301 301
301 301
301 302
302 303
303 306
306 306
307 307
308 308
309 310
311 311
311 311
312 312
312 313
314 314
315 316
316 316
317 318
320 320
