1 39
82 89
114 147
191 199
159 64
240 189
1 203
160 240
160 174
1 240
114 51
160 175
80 196
24 240
149 37
71 52
81 136
177 196
160 80
233 114
194 5
140 167
202 162
65 240
126 34
80 160
233 240
91 223
149 5
23 137
168 202
67 81
104 192
231 240
161 180
42 212
3 20
59 189
237 75
114 34
138 196
170 132
161 16
85 28
155 188
99 148
203 138
80 238
76 131
171 90
179 192
1 154
145 32
236 103
17 87
158 81
117 99
133 240
151 114
39 161
11 95
131 148
224 110
62 34
165 127
1 80
235 58
144 76
163 235
1 26
196 104
217 123
140 87
20 53
81 163
176 227
183 236
121 135
20 99
35 81
161 184
116 194
236 149
212 28
60 179
92 236
43 25
198 73
89 53
184 35
163 236
81 107
152 197
81 103
124 182
41 163
145 236
116 78
202 161
219 236
73 111
89 236
195 141
105 195
212 153
160 115
240 1
1 1
1 1
1 1
1 2
3 3
12 13
13 16
17 26
26 27
28 29
34 37
39 40
41 42
43 44
47 48
49 49
50 51
51 53
55 58
61 62
64 65
66 66
67 68
68 69
70 72
74 74
76 77
77 78
81 81
81 81
81 82
82 83
83 83
83 84
85 86
88 90
90 90
90 91
93 93
94 95
95 96
98 98
99 100
104 106
106 107
108 108
109 110
113 114
114 114
116 116
116 121
121 123
124 124
126 128
129 129
133 133
135 135
136 137
140 141
142 144
144 144
148 148
149 150
152 153
156 157
157 157
160 160
161 161
161 162
163 163
164 165
166 167
168 171
171 171
171 173
173 174
174 176
176 177
178 181
182 183
184 185
185 185
188 188
192 192
193 195
195 197
200 200
202 202
204 206
207 208
209 210
211 214
215 219
219 221
222 224
224 225
227 229
232 236
237 238
238 240
241 245
246 247
253 254
260 262
269 270
271 308
