37 63
81 103
108 138
145 155
161 175
238 221
160 186
199 160
1 240
35 160
220 1
114 76
240 52
160 175
194 81
240 102
131 149
26 224
240 176
1 39
137 195
73 160
231 123
240 194
116 7
202 162
236 68
127 36
224 82
240 160
94 151
80 170
202 161
230 25
139 71
107 127
180 224
240 85
45 201
212 5
190 236
23 1
160 117
38 140
171 134
18 80
89 109
236 31
240 157
190 46
151 205
81 103
141 9
236 240
173 117
134 182
195 80
93 158
148 237
1 35
80 107
19 160
91 122
103 137
240 155
223 41
118 54
81 135
99 240
152 224
65 1
36 169
131 61
1 167
186 27
80 198
235 108
20 218
126 174
42 75
144 19
90 158
54 166
197 179
186 228
236 19
124 138
215 102
34 83
230 196
119 236
213 152
135 26
60 76
181 161
231 94
41 151
2 73
89 52
129 32
165 81
235 108
198 146
161 38
145 163
80 115
75 201
160 70
140 124
108 234
201 86
193 138
157 81
102 155
192 149
112 240
168 240
1 1
1 1
1 1
1 1
1 1
1 4
7 7
7 11
14 17
20 22
25 26
26 30
31 33
34 35
35 38
38 39
39 40
41 41
44 46
47 47
47 47
48 49
52 53
53 57
59 61
61 62
64 66
66 69
69 70
72 74
75 75
76 76
76 77
77 78
80 81
81 81
81 81
82 83
84 84
84 85
85 85
86 88
88 90
92 92
92 94
95 95
97 97
98 100
100 101
101 103
103 103
104 104
105 107
107 107
108 110
110 110
110 112
113 116
117 117
118 119
121 122
123 123
125 128
130 130
130 131
131 135
135 137
137 138
139 140
141 141
144 145
145 145
150 153
154 154
154 156
156 156
156 157
158 158
160 160
161 161
161 162
162 162
164 164
164 166
166 166
166 169
169 169
169 171
173 175
175 177
178 179
180 181
182 183
184 184
185 186
186 187
189 189
190 194
194 195
197 198
201 202
202 203
208 209
209 215
217 217
218 220
223 227
229 230
230 231
232 234
236 237
240 244
244 245
245 251
252 260
262 263
269 270
