34 55
117 131
155 80
187 217
235 14
160 201
225 240
188 80
240 221
142 22
161 240
71 117
192 215
143 105
163 81
240 10
1 238
161 85
170 203
240 80
160 97
39 193
228 161
8 120
172 65
139 199
2 80
240 181
160 204
17 226
235 161
119 133
52 88
111 142
81 161
11 105
156 228
34 203
81 161
240 128
1 175
156 75
113 160
56 144
166 106
153 89
67 81
129 121
240 157
8 81
238 65
95 111
127 78
194 1
226 92
17 109
29 73
55 237
126 196
222 88
142 41
11 106
160 36
141 237
172 184
3 83
102 119
66 141
233 29
160 170
81 201
240 135
186 208
46 99
113 160
80 219
240 10
202 59
143 160
170 94
239 186
127 110
2 36
52 155
81 204
240 70
17 49
65 28
160 104
8 140
80 171
81 160
78 157
235 120
138 201
160 231
91 51
174 134
150 116
201 100
158 83
229 215
167 205
233 114
151 80
144 162
215 80
80 240
1 1
1 1
1 2
4 4
4 7
7 10
11 13
14 16
20 22
23 24
24 28
29 29
30 33
34 35
35 36
36 38
43 44
45 48
50 53
53 54
54 56
57 57
59 60
61 64
65 66
66 66
68 72
72 73
74 74
76 76
76 79
80 80
81 81
81 81
82 82
84 84
84 84
86 86
88 90
90 91
92 93
94 95
95 95
98 98
99 100
100 101
104 106
106 107
107 108
112 113
114 116
119 121
121 122
122 123
124 126
128 129
130 130
131 131
132 132
132 135
136 137
138 142
144 145
145 145
147 147
149 150
151 152
154 155
155 156
156 156
157 157
158 160
160 160
161 161
161 162
164 164
164 166
166 167
167 168
169 170
170 172
173 174
177 177
177 177
178 178
179 180
182 187
187 189
190 191
193 193
196 201
202 206
207 207
207 209
210 211
212 212
213 217
220 222
222 223
223 224
224 225
226 230
233 236
237 238
238 240
241 241
241 313
316 316
