7 45
63 86
161 179
189 198
238 1
153 97
125 78
142 208
14 52
220 185
170 85
133 27
106 158
239 68
2 42
149 97
119 59
15 226
142 193
34 73
180 201
86 168
104 216
9 159
238 49
150 29
98 224
114 126
58 75
139 233
86 160
179 37
194 202
18 169
71 103
213 129
151 240
50 30
111 226
8 61
93 131
156 192
75 181
20 212
238 173
37 54
121 84
224 66
98 160
202 11
48 230
75 110
185 26
126 159
216 3
42 87
145 105
191 135
18 200
67 35
132 96
112 207
239 154
161 46
80 186
177 14
50 169
206 230
59 88
156 125
240 103
143 195
211 26
80 8
116 161
95 134
174 36
154 162
232 81
18 179
188 67
148 205
106 125
50 91
161 218
64 75
171 10
26 118
44 101
240 181
210 157
59 82
95 132
148 225
1 110
200 187
69 38
17 125
52 216
90 35
80 155
176 240
105 122
192 230
12 72
134 219
87 116
150 194
45 208
5 56
167 233
25 131
69 221
113 180
96 148
207 19
34 49
165 193
234 63
80 92
180 207
221 12
74 108
142 40
240 178
103 192
235 5
12 24
86 119
165 206
137 52
66 102
155 220
176 30
161 81
97 170
205 24
113 135
44 235
149 1
58 20
94 163
74 222
188 177
128 35
203 234
68 86
161 142
219 47
203 103
30 187
11 172
124 235
156 80
62 96
38 109
136 204
216 78
90 25
1 71
117 169
186 53
83 231
148 161
200 102
131 11
42 213
60 182
26 147
165 77
118 37
228 93
212 72
51 109
158 28
126 177
141 194
236 86
226 66
46 144
162 181
240 120
107 39
61 160
191 209
98 136
172 79
153 222
58 80
54 94
151 70
238 188
131 205
111 166
45 147
218 129
184 65
85 235
163 103
144 219
125 181
57 81
100 78
139 232
213 73
118 156
177 92
196 111
133 89
172 209
106 126
144 165
161 205
135 181
1 1
1 1
1 1
1 1
1 2
2 3
3 7
7 7
8 8
8 9
10 11
12 13
13 13
13 14
15 15
15 17
17 18
20 20
21 21
22 22
22 22
23 23
24 24
25 25
25 26
27 28
29 29
30 30
31 32
33 33
34 34
34 35
35 35
36 36
37 37
37 38
38 39
41 44
44 44
47 47
47 47
47 48
49 49
50 50
50 53
54 54
54 55
55 56
56 56
57 58
59 60
61 62
62 64
64 64
65 67
67 67
67 68
69 71
72 72
73 74
74 75
76 76
76 77
77 78
78 78
80 81
81 81
81 81
82 82
82 83
83 84
84 84
84 85
87 88
88 90
91 92
92 95
95 95
95 96
97 97
97 98
98 98
99 99
100 102
103 103
104 105
105 106
106 106
107 107
107 108
108 109
111 112
112 113
113 113
114 114
114 115
116 117
118 118
119 119
121 123
123 123
123 124
125 125
125 126
129 130
130 130
132 132
132 132
133 133
135 135
135 136
137 137
138 138
140 140
141 142
144 145
145 145
146 147
147 148
148 148
149 151
151 153
153 153
153 156
156 157
158 158
160 161
161 161
161 161
161 161
162 163
164 164
164 164
167 168
168 169
169 169
170 172
172 172
173 173
174 175
175 176
176 176
177 177
179 180
181 182
182 182
185 185
185 186
187 188
188 189
190 190
191 191
193 193
194 195
196 197
199 200
200 200
200 201
202 204
205 205
205 205
205 207
209 209
212 213
213 215
215 216
216 216
219 219
220 220
221 222
223 225
225 228
230 231
232 233
234 235
235 235
236 236
238 239
239 240
241 241
241 241
241 243
244 245
245 245
245 245
246 247
247 248
248 250
251 254
256 256
256 257
258 259
261 262
264 264
266 266
266 268
268 269
270 270
274 275
275 276
277 277
278 280
281 283
283 283
286 288
289 290
290 291
292 295
297 299
300 301
303 309
310 310
317 319
320 320
