9 25
77 102
210 235
42 176
126 164
185 152
200 222
56 70
17 87
143 133
208 32
80 97
217 234
11 109
58 122
163 185
41 178
153 69
169 198
225 87
134 1
55 211
33 95
115 140
13 165
223 78
174 197
45 60
240 90
158 209
4 128
105 81
143 186
38 68
231 21
215 50
118 80
171 33
60 95
162 202
111 143
223 130
10 176
72 91
104 26
186 121
231 193
117 160
52 81
3 97
172 20
139 202
31 227
58 111
129 181
209 44
89 11
102 157
29 149
81 119
218 141
194 42
63 174
237 134
187 22
67 83
112 92
4 53
231 36
124 149
187 79
158 240
220 50
105 168
197 62
144 87
12 30
135 211
82 118
46 69
187 96
55 202
112 130
149 25
236 39
162 3
142 225
178 66
22 92
109 216
49 161
204 121
181 59
194 240
137 103
73 90
154 219
32 118
206 43
166 12
56 100
134 192
83 151
233 179
219 21
65 113
37 6
80 166
193 206
50 129
95 61
1 80
164 236
178 28
221 91
192 106
73 124
142 206
12 40
54 89
163 238
156 70
84 191
18 221
122 207
101 136
12 32
236 150
157 208
46 9
62 81
175 237
164 95
116 190
221 23
149 130
206 57
74 190
174 36
92 160
1 18
222 113
145 69
51 86
204 125
192 27
99 80
174 13
157 107
233 219
42 73
189 138
1 202
92 121
160 31
171 49
136 73
155 14
108 217
26 230
84 201
62 39
100 148
167 16
116 134
185 216
77 35
56 97
110 181
200 26
89 127
163 69
144 46
213 197
67 103
41 84
110 142
157 213
227 240
58 77
179 122
195 156
81 103
138 208
32 119
173 52
223 239
73 94
153 133
92 115
171 188
43 204
68 88
220 128
235 84
202 60
107 166
80 123
145 185
235 99
162 121
217 76
160 197
179 93
229 154
213 114
132 122
192 147
170 207
219 240
164 184
160 1
1 1
1 1
2 3
3 4
4 4
5 5
6 7
7 8
8 8
10 10
12 13
13 13
13 14
14 16
16 16
16 17
17 18
19 19
19 20
21 21
22 22
24 26
27 29
29 30
30 30
31 31
31 32
33 33
34 34
35 36
36 37
38 38
38 39
39 39
40 40
41 42
43 43
45 45
45 45
45 46
46 47
49 50
50 51
51 52
53 53
54 55
56 57
57 58
58 59
59 59
60 60
61 63
64 65
65 65
65 66
67 68
71 71
71 73
73 74
74 75
76 76
77 77
77 77
80 80
81 81
81 81
82 83
83 83
85 85
85 85
86 87
87 88
89 89
89 89
90 90
91 92
93 94
94 95
95 96
96 96
98 100
100 101
102 102
103 103
104 104
105 105
105 106
107 108
108 108
108 110
111 111
112 113
114 114
114 115
116 117
117 117
118 119
120 120
121 122
123 123
124 124
125 126
128 128
129 129
130 130
130 131
132 132
132 133
133 135
136 137
138 140
140 140
140 141
142 142
143 143
144 145
146 147
147 148
149 149
149 150
150 151
153 153
153 154
155 156
156 157
157 158
158 158
160 160
160 161
162 162
162 162
163 164
165 165
165 165
168 169
170 170
171 171
172 173
174 174
175 176
176 176
177 178
181 182
183 183
184 184
185 185
187 188
189 189
190 191
192 194
195 196
197 199
199 200
200 200
202 202
204 204
205 205
206 208
208 211
212 213
213 216
218 218
218 219
220 220
220 220
222 224
226 226
227 228
229 229
230 232
232 232
233 233
236 236
238 240
240 241
241 241
241 241
241 241
241 242
244 244
246 246
248 250
250 250
250 251
252 252
254 254
254 255
255 258
259 260
261 261
262 263
263 265
266 267
268 268
270 270
273 273
274 275
275 275
277 277
280 280
281 282
283 284
285 287
288 293
294 294
295 295
303 303
305 305
307 311
311 312
314 318
