1 37
51 69
98 114
123 144
181 206
227 189
198 216
13 62
79 91
236 104
144 167
39 159
22 134
179 224
151 207
1 50
116 68
36 192
240 14
166 76
121 97
178 204
59 155
146 240
26 41
139 191
108 87
125 168
229 197
213 19
50 64
1 32
99 152
76 184
14 41
93 125
204 112
158 235
72 54
85 168
224 102
8 213
24 174
99 239
201 34
63 133
154 79
120 183
1 227
209 163
12 110
240 40
92 190
57 26
70 32
139 83
216 130
10 63
101 177
200 122
237 156
219 24
231 116
47 3
94 238
74 35
58 105
131 170
183 215
18 140
209 222
1 108
150 179
185 202
32 87
217 240
44 126
69 12
192 117
64 101
168 51
160 226
28 78
184 94
37 130
217 112
144 6
207 20
59 123
160 197
48 74
91 3
31 186
103 162
221 119
176 41
85 233
55 136
200 213
100 13
188 24
148 37
80 116
236 174
65 214
133 160
200 47
94 226
2 147
61 18
174 187
31 110
76 43
145 159
216 201
9 72
173 231
88 54
106 186
123 2
70 81
21 34
143 218
137 172
51 65
201 232
103 187
81 117
13 63
131 188
26 155
43 217
144 97
169 201
240 75
3 25
61 221
235 129
161 110
186 37
54 81
170 154
72 16
139 201
93 124
240 49
31 65
183 104
171 78
123 222
7 60
137 153
86 211
237 198
221 21
52 117
168 71
180 223
100 11
150 236
29 115
133 46
87 161
195 5
208 223
236 63
179 41
19 78
109 126
95 145
162 194
237 57
15 36
222 89
178 160
6 30
68 105
141 48
122 192
26 240
81 121
206 21
63 38
157 100
174 235
66 136
240 188
12 117
83 153
99 220
204 33
54 133
113 73
95 151
169 24
185 236
48 69
202 109
217 66
240 42
88 147
126 161
61 166
218 35
80 144
237 103
58 142
180 161
75 136
213 232
96 114
105 175
228 81
129 153
190 203
223 147
167 240
142 118
196 173
192 1
1 1
1 1
1 1
1 1
1 1
2 5
5 6
6 6
6 6
8 8
8 9
9 10
10 10
10 11
11 12
12 13
14 15
16 17
19 19
21 21
22 22
22 23
23 24
24 25
26 27
27 28
30 30
30 30
31 31
32 32
32 33
34 34
36 37
37 38
38 38
38 38
41 42
42 43
44 45
45 45
46 47
47 48
48 49
49 50
51 51
51 51
52 52
52 54
54 55
56 57
57 57
58 58
58 59
60 60
63 63
64 64
65 66
67 67
67 67
68 68
69 69
70 70
72 73
74 74
74 75
76 77
77 77
78 78
78 79
79 80
80 81
81 81
81 81
81 82
82 82
82 83
83 84
86 86
87 88
88 88
89 89
89 90
90 92
93 94
95 95
96 96
97 97
98 98
98 98
100 101
101 101
102 104
104 105
106 106
107 107
108 109
109 110
110 110
111 112
113 113
114 115
116 117
117 117
118 119
120 121
122 122
123 123
123 124
124 125
126 126
126 128
129 131
132 133
133 133
135 136
136 136
136 137
139 139
139 140
142 142
142 143
143 143
143 144
146 147
147 148
148 149
149 150
150 152
153 153
153 154
155 156
156 157
158 158
158 158
160 161
161 161
161 161
162 162
163 163
164 164
165 165
166 167
168 168
169 170
171 173
174 175
176 176
177 177
178 178
178 179
181 182
182 184
184 184
186 186
188 188
190 190
193 193
193 194
196 196
196 198
198 199
201 201
201 201
204 205
205 205
207 207
210 211
212 212
212 213
213 213
216 216
218 219
219 220
221 222
223 224
224 225
225 225
226 226
228 230
231 232
234 234
235 235
236 237
240 240
240 241
241 242
243 244
244 245
245 246
246 247
248 248
251 252
254 255
255 255
256 256
258 259
259 259
261 261
263 265
266 266
267 268
268 269
270 270
272 273
273 273
274 277
278 278
280 281
286 286
287 288
288 296
296 296
297 298
298 299
303 303
305 306
308 311
312 312
318 318
