17 72
154 160
240 208
225 43
195 4
97 84
111 129
148 160
25 70
16 57
240 230
185 5
199 38
113 89
103 133
77 21
65 215
131 51
117 3
39 192
106 240
95 81
160 220
24 203
5 60
174 98
122 45
80 109
71 153
240 9
168 62
222 19
133 105
123 181
80 89
146 44
158 208
10 192
68 120
240 30
165 58
111 131
198 94
102 140
178 19
42 83
80 148
66 184
239 155
212 105
192 216
1 7
30 117
54 240
104 127
165 89
1 75
198 42
222 18
143 160
179 64
236 208
28 100
116 160
130 187
3 81
48 234
76 141
167 217
21 194
63 37
105 152
160 93
199 31
7 49
76 129
159 230
24 140
168 182
62 95
1 108
38 80
120 240
150 176
16 227
207 126
31 12
49 70
190 137
158 175
106 211
240 94
195 84
25 5
54 73
236 160
182 166
201 133
63 94
19 240
107 33
223 1
88 156
120 206
17 77
129 175
143 197
213 149
127 55
82 103
29 229
65 212
115 240
11 136
120 77
40 93
59 25
203 7
109 126
227 240
75 22
94 145
37 55
111 208
132 1
97 161
55 184
37 19
214 152
85 172
198 71
1 17
54 101
133 38
174 145
87 106
158 37
13 144
209 53
232 70
22 72
107 126
161 214
8 37
93 54
80 219
71 114
127 153
161 205
10 19
90 202
167 10
57 76
133 93
172 152
231 138
160 24
57 179
42 98
205 77
141 161
100 42
25 105
69 81
194 156
57 174
160 49
94 124
147 100
81 114
240 1
1 1
1 2
3 4
5 5
6 8
9 9
9 10
10 11
11 14
14 14
15 18
19 19
20 20
21 21
21 22
25 26
28 29
30 30
31 32
32 33
33 34
35 35
36 38
39 40
42 42
45 45
46 46
46 49
49 50
51 51
54 54
57 57
58 58
58 60
60 60
61 62
62 64
64 65
66 66
67 67
69 70
70 70
71 71
71 72
73 74
75 76
76 77
77 77
78 78
81 81
81 82
82 82
82 83
83 84
84 84
85 86
88 88
89 89
90 90
91 91
92 92
95 97
97 98
98 99
99 100
100 101
101 102
103 103
103 106
106 107
108 109
109 109
111 113
114 115
115 115
115 116
118 119
120 120
120 122
122 124
124 125
126 126
126 127
127 128
128 129
130 131
132 132
132 132
135 135
135 136
136 136
138 138
140 141
142 144
144 144
145 145
146 147
149 151
151 152
152 153
154 154
155 155
155 157
157 158
158 158
158 160
160 160
161 163
164 165
165 166
166 167
168 170
171 172
172 173
174 175
176 178
179 181
183 183
184 184
185 186
189 189
189 190
190 192
192 193
195 196
196 197
198 200
201 201
202 203
203 204
205 208
208 208
209 210
211 212
215 216
219 219
220 224
224 225
226 226
227 229
231 231
231 231
232 233
234 234
236 236
238 239
240 240
240 240
240 241
241 241
243 245
250 250
250 250
252 252
253 253
261 262
263 263
263 264
264 264
266 268
269 271
275 276
276 280
281 282
284 285
288 292
293 293
294 298
299 308
313 316
