2 39
238 81
166 240
28 207
221 61
135 155
16 111
126 99
44 3
88 160
237 152
74 26
61 128
13 117
104 47
240 224
28 80
195 73
67 120
131 143
14 174
31 52
189 84
1 41
154 127
202 16
111 66
101 167
229 178
240 33
7 90
213 53
142 186
1 80
132 152
160 220
18 124
41 199
64 105
89 169
205 9
30 53
213 76
160 138
1 111
125 148
186 21
97 41
65 220
232 164
155 201
31 86
171 6
230 51
122 138
160 26
104 152
181 208
71 98
161 189
239 44
215 12
60 86
128 161
174 197
80 115
30 54
160 221
72 151
1 98
181 47
12 163
240 205
84 117
190 21
61 130
103 38
143 172
199 229
149 54
1 35
71 93
212 160
198 129
180 234
117 217
12 28
48 107
161 96
77 205
189 224
156 1
42 86
117 130
56 111
179 211
41 99
198 183
150 79
52 106
126 88
206 6
70 236
138 34
44 54
21 69
77 143
159 211
100 1
63 116
240 48
82 30
226 133
150 197
99 17
1 45
117 61
78 169
189 134
231 96
156 240
121 78
208 28
61 160
43 238
176 109
196 222
95 78
8 125
160 62
111 150
161 169
77 60
130 183
11 215
37 168
77 233
94 47
240 131
149 1
32 240
61 117
20 78
96 193
171 151
1 49
114 80
227 97
191 173
1 16
80 238
157 35
59 68
117 220
176 196
119 139
98 162
186 16
67 81
49 122
204 102
166 107
125 81
67 50
130 240
80 94
160 219
181 80
75 149
119 125
171 160
1 1
1 2
3 5
7 7
8 9
9 9
10 10
10 11
13 15
15 15
16 17
18 19
20 21
23 23
24 25
25 28
29 31
31 33
34 34
34 34
37 37
39 39
40 43
45 45
46 47
47 48
48 49
49 49
50 51
51 52
53 53
53 56
56 56
57 57
59 59
59 59
60 60
61 61
63 64
65 65
66 67
69 70
70 71
71 72
73 73
73 73
73 75
76 77
77 77
77 78
80 80
81 81
81 83
84 85
86 87
87 88
88 88
88 88
89 90
91 92
92 94
95 96
96 96
97 97
97 97
100 100
102 102
102 102
103 103
104 104
105 106
108 108
108 109
110 110
110 113
113 113
114 115
115 116
116 117
118 119
120 120
120 120
121 123
123 124
124 125
126 126
128 129
129 129
131 132
133 133
136 136
138 139
139 139
140 140
142 143
143 144
145 145
147 149
151 152
153 153
153 155
156 157
157 157
158 160
160 160
161 161
161 161
161 161
162 163
163 165
165 166
166 170
170 171
172 172
173 174
176 177
177 178
178 178
178 180
180 181
181 182
184 185
186 188
188 188
189 189
190 191
191 192
193 196
197 197
198 199
204 204
204 204
205 207
207 207
210 210
212 212
213 213
215 216
216 219
219 221
221 221
222 222
224 224
225 225
226 228
229 229
229 230
232 233
233 235
237 237
237 237
238 240
240 240
240 240
241 241
244 245
247 249
249 250
251 251
252 252
252 254
256 259
259 260
264 265
265 265
267 268
269 270
272 274
282 282
284 287
287 289
