12 52
89 134
148 210
81 43
122 240
3 70
102 160
57 152
167 176
28 141
195 86
45 16
129 240
67 115
193 102
5 34
158 169
54 145
88 21
226 70
123 236
114 160
185 204
32 108
10 171
55 80
145 214
73 2
92 229
25 240
125 83
41 167
194 57
185 152
10 107
142 207
30 219
48 74
1 131
94 41
181 226
121 22
59 172
192 82
164 201
239 105
145 11
129 209
30 50
71 93
216 117
160 178
41 1
152 226
62 165
240 81
105 137
145 185
1 13
35 204
210 28
127 240
47 92
163 66
178 17
144 192
221 111
138 202
228 34
85 52
126 101
1 168
213 236
155 71
95 40
112 18
191 139
221 52
87 202
240 32
124 157
229 14
61 102
170 79
143 182
212 238
41 94
189 76
112 21
133 200
169 220
237 127
51 157
13 69
88 104
147 32
117 137
210 228
42 82
196 240
25 127
157 170
97 151
81 219
38 139
2 207
238 222
118 190
166 92
146 128
46 80
156 19
84 119
210 227
61 74
108 160
178 183
199 103
140 237
87 156
122 69
173 56
237 139
190 40
84 21
100 118
157 209
174 196
136 118
161 1
67 35
81 100
148 215
237 161
134 64
81 47
117 198
101 32
78 81
238 150
189 99
116 28
169 222
50 64
240 76
81 116
207 133
29 188
170 70
100 117
156 59
81 135
209 232
73 153
190 135
231 39
54 81
101 212
120 160
144 84
196 235
215 157
178 137
54 201
87 105
119 161
140 204
223 145
163 104
88 168
209 231
240 120
219 134
178 112
156 157
184 210
163 160
240 1
1 1
1 1
1 2
3 4
4 7
8 10
10 11
11 11
11 12
12 12
14 15
16 16
18 20
20 20
21 22
22 23
23 24
26 27
29 29
30 32
33 34
35 35
35 36
36 37
37 38
38 38
39 40
41 41
42 43
43 44
46 47
48 48
49 49
50 51
51 51
51 53
53 54
54 56
56 57
58 58
58 59
60 61
61 61
62 62
62 63
65 65
67 67
67 68
68 71
71 71
72 73
73 74
75 75
75 76
76 76
77 78
78 80
80 81
81 81
81 81
82 82
82 84
87 87
89 89
90 90
90 90
91 92
94 94
95 95
97 97
98 99
99 99
99 101
103 103
104 104
105 105
106 107
108 108
110 110
112 112
112 112
113 114
115 115
116 116
116 118
119 120
120 120
121 121
122 122
125 126
126 126
127 128
128 130
130 130
130 130
131 134
135 136
138 140
140 140
140 141
141 142
142 144
145 146
146 147
147 149
149 149
151 153
153 154
155 155
157 158
158 158
160 160
160 160
160 161
161 161
161 161
163 163
164 164
166 167
167 168
171 173
174 174
175 175
176 177
179 179
179 179
180 182
183 185
186 186
188 188
189 189
189 192
192 192
194 195
196 196
197 197
199 200
201 201
201 202
205 206
207 207
209 209
209 210
210 211
213 213
214 214
216 220
220 221
222 223
223 223
224 226
226 226
227 230
230 230
235 235
237 237
237 237
237 238
238 240
241 241
242 243
245 245
248 250
250 252
252 252
253 255
258 259
260 260
264 266
266 268
271 272
274 274
276 280
282 282
286 286
288 289
316 316
