77 145
192 203
160 80
93 170
1 11
125 44
57 36
133 219
4 180
160 148
240 23
196 14
8 161
93 205
75 82
50 36
43 138
181 21
160 221
100 80
119 55
70 6
233 44
160 149
32 97
84 190
109 215
20 172
63 127
134 8
50 143
228 160
184 94
111 162
238 79
193 69
124 169
21 138
16 53
180 152
204 2
34 104
240 94
193 77
118 130
166 215
230 237
62 52
201 139
172 16
42 182
152 240
4 85
103 114
189 4
32 68
76 94
159 214
227 25
122 196
240 168
57 17
130 43
200 142
176 227
79 92
102 7
30 67
108 156
58 187
126 52
218 19
166 42
197 91
139 79
96 109
224 147
61 119
6 54
173 207
155 28
132 214
1 44
88 17
73 111
142 160
38 228
205 122
12 57
30 149
82 77
192 5
90 159
43 103
134 238
64 217
111 200
20 161
181 145
121 55
34 226
14 90
48 80
99 191
71 233
137 27
66 156
213 11
60 41
122 197
80 161
87 178
130 146
51 165
156 222
7 97
111 76
237 64
134 21
188 206
118 228
5 33
74 156
93 44
143 55
105 128
213 196
19 89
111 160
199 1
68 83
169 184
31 51
154 14
69 121
225 141
87 162
194 234
30 50
66 80
105 13
93 148
179 49
239 202
31 68
81 113
133 49
154 14
98 207
49 137
32 158
175 84
237 193
212 107
15 145
180 33
49 8
217 70
203 50
123 224
235 81
161 174
37 147
158 18
92 80
209 240
55 72
128 221
35 201
7 172
193 91
111 153
80 236
18 40
216 177
157 7
137 95
235 118
158 40
80 142
186 23
240 9
63 168
102 60
125 46
81 197
27 46
105 87
80 136
154 111
177 10
80 66
30 87
212 11
184 46
92 194
63 31
80 168
101 132
235 13
50 201
240 156
177 111
17 52
182 219
119 86
192 240
235 40
60 81
90 1
125 159
18 140
154 197
73 166
210 1
1 1
1 2
5 5
5 6
6 6
7 7
8 8
8 9
10 11
12 12
13 14
15 16
16 17
17 18
18 19
21 21
21 22
24 24
25 26
28 28
29 29
31 32
33 34
35 37
37 38
38 39
39 41
41 42
42 43
45 45
46 46
47 47
50 51
52 52
53 53
54 54
55 56
56 58
58 61
62 62
64 64
64 64
66 66
67 67
67 67
67 67
68 69
71 71
72 72
73 75
75 76
76 78
78 78
78 80
81 81
81 81
81 81
81 81
82 82
82 83
84 85
86 87
88 88
89 91
91 92
92 92
94 94
94 94
94 96
96 97
98 99
101 102
103 103
104 104
106 106
106 107
108 109
109 111
111 111
111 112
113 114
116 118
118 118
119 120
121 121
121 122
123 124
125 126
126 127
127 128
129 129
132 132
132 133
133 133
134 135
135 136
136 137
137 138
139 140
141 142
142 144
144 146
146 146
148 149
149 150
151 152
152 152
154 154
155 156
156 157
157 158
158 160
160 161
161 162
162 163
163 163
164 164
165 165
166 168
168 169
169 170
171 172
173 174
175 175
177 177
177 177
178 179
179 180
180 183
184 184
185 186
186 187
187 187
189 190
190 190
194 196
199 199
199 200
200 200
200 200
203 203
204 205
207 208
209 210
211 211
211 212
213 213
215 216
217 218
220 221
221 221
223 223
224 224
226 227
228 228
229 229
230 230
233 234
235 236
236 236
237 237
237 238
238 238
240 241
242 242
242 243
244 244
244 245
245 247
247 247
249 249
249 250
251 252
253 253
254 255
256 256
258 259
261 262
264 264
264 264
265 265
268 268
270 271
272 272
273 273
275 276
277 277
278 279
280 280
282 282
283 284
285 288
288 289
290 290
292 293
293 294
297 297
297 298
298 298
299 299
299 299
300 303
304 307
307 308
308 310
312 313
313 314
315 316
316 316
317 317
317 318
318 318
318 320
320 320
