24 55
169 180
210 15
160 201
131 86
111 149
4 101
37 75
165 240
29 22
179 64
127 115
139 218
51 104
93 156
201 3
39 163
81 172
27 240
110 212
140 123
7 99
51 153
221 46
107 160
167 196
83 181
208 11
32 63
232 133
123 106
114 147
158 22
92 193
220 240
4 81
46 167
200 227
71 240
14 131
180 34
114 143
62 97
105 123
215 187
150 240
24 86
1 46
80 195
71 158
169 226
107 120
202 36
130 240
12 59
95 183
86 80
147 154
213 5
48 226
27 200
70 156
166 192
136 222
123 236
106 89
174 210
34 146
82 11
57 181
198 240
159 30
72 115
45 238
100 66
138 168
84 40
149 230
17 58
175 104
33 70
216 1
117 130
160 184
91 48
137 240
186 224
10 26
205 147
170 61
82 161
42 116
75 106
126 240
196 97
137 160
55 214
92 1
180 20
39 86
68 236
147 161
11 113
120 202
77 171
220 189
34 136
102 90
49 158
9 33
143 229
60 211
18 100
71 119
180 80
167 131
46 153
235 1
136 219
1 28
49 95
109 221
14 58
77 192
235 42
177 207
129 146
26 94
165 112
196 11
56 75
92 130
154 185
40 216
236 118
92 172
75 202
8 24
57 224
93 106
137 157
40 240
123 176
75 92
229 20
59 161
6 181
198 240
109 41
215 131
234 160
8 116
168 35
60 75
202 239
24 95
76 149
225 1
44 170
130 117
160 81
97 152
61 19
33 231
116 195
215 135
4 176
44 65
238 101
199 161
180 67
80 120
2 142
66 189
2 49
166 104
209 222
238 35
126 191
4 18
71 84
148 106
171 240
52 70
219 111
129 160
178 35
5 135
200 72
228 18
90 55
112 36
81 234
4 71
207 161
116 88
173 216
38 56
147 191
75 156
126 178
223 16
100 240
135 199
41 163
77 204
62 143
110 170
26 85
140 212
44 114
148 160
182 119
219 65
189 14
240 49
94 156
121 170
231 32
163 75
201 128
104 206
78 36
140 175
18 113
58 221
240 82
99 159
150 183
89 122
202 229
1 1
1 1
1 3
3 3
4 6
6 6
7 7
8 9
9 10
11 13
13 14
14 16
16 17
18 18
20 20
20 21
21 21
22 24
25 26
27 27
29 30
31 31
32 32
33 34
34 34
34 34
35 40
40 41
41 41
41 42
43 44
44 44
45 46
46 46
46 46
47 48
50 50
51 51
52 54
55 55
55 56
56 56
57 57
58 58
58 59
60 61
62 62
63 63
63 63
64 64
67 68
69 69
69 70
70 70
71 71
71 72
73 74
74 75
75 77
77 77
80 80
81 81
81 81
82 82
83 83
84 86
86 86
87 87
88 89
89 90
90 90
92 94
95 95
96 96
97 99
99 99
102 103
103 103
104 104
105 107
108 109
109 110
110 110
110 110
112 113
114 115
116 116
117 117
117 118
118 119
119 119
121 121
123 124
124 124
125 126
127 127
128 128
129 130
130 131
131 131
132 132
134 135
137 137
137 137
138 138
138 139
140 140
141 142
143 143
146 146
147 147
148 148
150 150
152 152
152 154
154 155
156 156
156 157
157 157
161 161
161 161
162 162
163 163
164 165
165 166
166 166
168 169
171 171
172 173
173 176
177 177
177 178
178 178
179 179
180 181
182 183
184 184
187 187
187 188
189 189
189 190
191 191
194 194
195 196
197 198
198 198
199 200
200 200
201 203
203 204
204 205
206 206
206 207
207 207
207 209
210 211
212 213
213 215
216 216
217 218
219 220
222 222
223 224
224 224
226 226
226 227
228 228
229 230
232 233
233 234
234 236
236 236
239 240
241 241
242 242
242 243
243 244
244 245
249 249
250 250
250 250
250 251
251 252
253 254
254 255
255 258
258 259
260 260
261 262
262 263
263 265
266 267
268 268
269 269
269 270
271 272
272 272
275 275
275 276
277 277
278 279
279 280
281 281
282 282
283 283
285 287
288 288
290 290
291 293
293 293
295 295
295 295
296 297
297 299
299 300
300 301
301 301
302 302
302 303
305 306
306 308
309 309
311 312
314 314
315 315
316 316
316 317
317 317
318 318
320 320
320 320
