84 134
199 236
13 47
165 148
6 30
123 178
75 70
132 192
107 221
205 232
16 34
55 88
158 240
148 80
131 172
183 218
45 116
106 2
19 70
192 224
96 205
37 156
11 58
138 168
85 121
147 240
129 211
175 4
47 110
219 23
70 96
183 194
132 145
226 14
59 155
35 82
120 207
111 172
104 237
178 5
71 28
50 94
190 217
131 148
161 113
198 233
58 170
13 106
34 80
205 222
182 53
96 138
68 124
89 161
191 1
20 240
63 81
108 172
132 199
127 230
9 37
55 238
93 140
153 22
183 207
114 71
160 209
227 3
31 240
49 83
105 170
193 64
139 47
98 129
148 12
218 120
160 236
77 184
114 108
203 23
42 61
90 170
4 135
240 129
142 192
224 32
99 81
210 56
124 158
112 70
180 54
164 31
81 141
232 122
40 12
92 141
202 103
152 189
67 175
136 158
240 115
49 130
21 79
35 98
213 63
198 227
240 6
149 167
115 47
185 134
217 1
95 32
77 113
151 175
206 16
236 60
138 160
1 113
95 192
1 78
29 44
114 126
158 235
95 177
13 61
144 195
96 112
59 79
41 181
201 217
27 129
62 151
234 11
136 28
80 95
188 221
55 44
96 114
168 149
240 189
65 136
228 100
116 171
11 80
53 40
134 160
154 213
234 195
25 64
85 120
218 99
180 199
87 139
161 81
23 8
69 122
184 227
240 55
160 145
209 7
91 103
167 189
25 39
124 1
72 90
130 148
237 160
178 196
153 56
217 9
92 25
109 117
40 145
156 180
74 131
56 91
224 25
107 135
191 234
166 59
76 209
94 145
174 240
196 37
119 153
217 181
61 20
96 222
81 161
129 188
47 160
104 229
64 133
167 200
138 236
85 208
35 113
175 69
140 188
53 181
95 219
147 123
224 239
97 56
193 131
159 38
79 237
64 202
109 81
141 172
177 88
122 188
156 130
104 240
1 1
1 1
2 2
4 5
6 6
6 6
7 9
9 9
10 10
15 15
16 16
16 16
16 17
18 19
19 19
20 20
21 21
23 25
25 25
25 25
27 29
30 30
31 31
31 31
32 32
32 32
33 34
35 37
37 37
37 38
38 39
39 42
44 44
44 45
45 45
46 46
46 47
48 48
49 49
50 52
52 53
54 55
56 56
58 58
58 61
61 61
62 62
63 63
64 64
65 65
66 69
69 70
71 72
73 73
73 74
74 76
77 77
77 77
80 80
82 82
83 83
83 83
84 84
84 85
85 85
87 88
88 91
91 92
92 92
93 93
93 93
93 95
96 98
98 98
98 99
100 101
101 102
103 103
104 105
105 106
106 106
106 108
110 111
111 112
112 112
112 113
113 114
114 115
115 115
117 118
118 121
121 122
123 123
123 124
126 127
127 127
127 129
129 129
130 130
131 132
133 135
136 136
137 138
139 139
140 141
141 141
141 142
143 144
146 147
147 148
148 151
151 152
152 152
153 153
153 154
154 155
156 156
157 157
158 158
161 162
163 163
163 164
164 164
165 165
167 167
169 169
171 171
172 173
174 174
175 175
176 176
179 179
179 181
181 182
182 182
182 182
184 187
187 187
188 191
191 192
193 193
194 195
197 198
199 199
200 201
201 201
202 202
202 203
205 205
206 208
209 210
210 210
211 211
215 216
217 218
218 218
218 219
221 222
224 225
225 226
226 226
226 226
227 227
227 229
229 230
231 231
231 232
235 235
236 237
237 238
239 240
240 240
241 241
241 241
242 242
244 246
246 247
248 248
248 249
250 252
252 252
254 254
254 255
256 257
258 259
259 260
261 262
262 264
265 265
266 267
268 269
270 270
272 272
272 273
274 275
276 276
278 278
278 279
279 280
281 282
284 284
285 286
286 287
289 290
291 292
292 293
293 293
296 296
297 299
299 299
301 303
306 306
308 311
314 316
