49 57
65 76
110 122
240 38
160 24
128 13
224 149
209 70
80 4
86 58
94 52
112 195
37 103
138 22
128 160
240 1
10 217
78 89
100 59
109 203
223 117
40 146
32 229
125 1
86 161
93 214
58 68
142 48
171 110
197 117
125 5
31 240
153 21
89 67
80 58
135 204
100 160
15 37
48 108
138 165
187 119
2 147
212 29
171 77
87 99
21 68
105 58
111 155
16 234
44 179
122 161
9 219
240 31
131 140
200 219
79 182
101 1
42 69
22 91
113 146
222 58
167 36
204 186
12 122
150 226
75 29
48 129
170 6
67 90
236 157
102 136
62 85
39 110
1 18
173 209
140 80
115 160
53 12
33 177
71 145
233 124
161 195
45 182
89 66
4 24
107 237
84 219
39 161
59 136
180 19
77 114
205 31
54 163
14 120
71 90
144 51
206 225
161 81
27 64
107 124
231 48
208 7
179 146
94 192
110 24
207 59
88 128
147 40
74 112
163 239
3 20
226 103
129 55
223 67
238 35
193 207
16 1
113 161
240 53
86 129
26 205
240 54
145 191
109 112
161 12
71 101
92 37
25 54
127 206
240 143
193 101
175 141
160 11
39 58
24 137
98 119
80 85
59 176
26 189
160 224
42 10
89 66
171 206
29 157
107 240
170 187
10 74
100 121
32 81
87 240
52 206
12 223
112 146
38 58
240 157
43 94
122 83
15 115
166 34
61 106
194 207
52 78
159 99
240 218
4 33
81 91
168 60
116 80
237 42
70 107
198 98
218 32
83 14
118 160
55 195
176 42
212 63
109 136
50 154
101 232
21 80
126 168
28 145
37 164
116 49
60 83
10 136
208 1
156 104
70 174
223 127
240 61
95 150
24 48
119 112
165 215
74 137
105 9
160 18
94 129
28 85
123 175
208 75
147 109
194 53
69 116
1 1
1 1
1 1
2 3
4 6
7 8
10 11
11 12
12 13
13 14
14 15
15 16
17 17
17 21
21 22
23 24
24 24
25 25
27 28
29 29
30 31
32 32
33 34
35 37
38 39
40 40
41 41
41 43
43 45
46 47
49 50
51 51
52 53
53 54
54 55
55 55
56 56
59 59
59 59
59 59
60 62
63 65
65 67
67 68
69 69
70 71
71 72
73 73
74 74
76 76
77 77
78 78
78 80
80 81
81 81
82 82
83 84
84 84
85 85
87 87
87 88
89 90
90 91
92 92
92 93
94 96
96 96
96 98
98 98
98 99
100 100
101 101
102 102
103 103
103 103
104 106
106 106
107 110
110 110
111 111
111 112
112 112
116 116
117 118
119 119
119 119
121 121
123 123
124 124
124 125
125 125
129 132
132 132
133 134
135 136
136 137
137 137
139 140
142 142
142 142
142 143
143 144
144 146
149 149
150 151
151 152
153 153
153 154
156 156
156 156
157 158
158 160
160 161
161 162
162 163
163 164
165 166
167 168
168 169
171 172
173 174
174 175
175 176
177 177
177 178
178 179
180 181
182 182
183 183
183 184
185 186
189 190
190 191
191 191
192 195
196 196
197 197
198 198
199 199
200 200
202 203
203 207
207 208
209 209
210 210
213 213
214 214
215 216
218 218
218 219
220 220
222 222
223 224
225 226
230 231
232 232
232 233
236 237
237 240
240 240
240 240
241 241
244 245
245 247
248 248
248 248
251 252
252 253
253 255
256 256
257 260
260 264
265 266
266 266
267 267
268 269
269 270
270 270
272 272
273 273
274 276
276 276
279 280
281 282
283 284
284 288
289 289
289 290
290 291
293 293
293 294
294 295
296 296
297 297
299 303
304 305
306 306
307 309
310 311
311 311
312 313
315 315
316 317
317 318
318 320
320 320
