72 158
201 63
51 87
105 36
29 121
15 165
80 160
210 3
71 93
52 103
196 217
110 139
33 223
25 119
160 79
207 62
87 52
165 42
104 142
190 111
119 234
24 176
15 60
74 82
198 52
93 101
131 159
181 8
42 31
113 205
140 165
23 92
71 80
15 99
62 149
52 105
191 227
40 173
116 153
125 212
3 80
134 194
73 95
64 85
216 16
107 140
160 52
198 30
118 130
235 143
203 220
6 69
164 123
24 42
151 85
130 97
79 57
104 167
203 33
13 134
75 110
153 48
171 28
65 139
227 7
118 156
189 40
83 61
1 101
231 79
213 155
34 130
174 54
72 15
199 187
158 50
26 115
176 9
66 85
138 201
219 235
46 156
78 102
119 6
22 59
203 43
174 240
1 141
158 187
89 201
105 19
80 54
123 142
160 36
107 16
124 50
218 63
232 31
201 12
157 6
49 101
123 216
81 234
22 200
141 50
156 185
104 67
97 9
219 33
81 87
50 122
200 235
21 138
188 97
170 136
80 155
54 35
20 132
6 94
114 76
184 240
80 171
201 55
155 218
22 85
6 62
167 238
201 103
26 182
165 95
71 116
7 83
29 201
234 48
108 218
142 160
35 55
235 81
90 118
40 13
112 160
103 155
55 69
80 96
213 79
40 88
121 197
224 237
31 2
166 58
113 232
40 104
194 21
67 95
213 30
80 115
12 53
173 191
208 39
106 48
151 98
227 19
89 123
165 26
36 143
240 161
114 47
59 6
81 133
153 102
125 61
148 23
46 93
117 80
110 162
135 155
128 18
27 85
172 203
144 99
240 135
160 33
17 90
1 1
1 2
3 3
4 6
7 9
11 11
12 12
12 14
14 16
17 17
17 19
20 20
22 22
23 24
25 27
28 30
30 31
31 33
33 35
35 36
37 38
41 41
43 43
43 43
43 45
46 47
47 47
48 49
49 50
50 53
54 55
57 57
58 58
60 60
61 61
62 62
62 62
64 64
65 65
66 68
69 69
69 69
72 72
73 74
75 76
76 76
77 78
78 80
80 80
80 81
81 82
83 84
84 85
86 86
86 87
88 89
90 91
91 91
91 92
93 93
95 95
95 97
99 100
100 100
100 101
101 101
101 106
106 107
108 108
108 110
110 112
113 113
113 114
115 116
118 119
121 122
123 123
123 124
125 125
125 126
126 126
127 128
131 131
131 132
132 132
132 133
133 134
135 135
137 138
139 139
140 141
142 143
143 143
144 145
146 149
149 151
151 152
152 154
154 157
157 160
160 160
160 161
162 163
164 164
165 166
166 166
167 169
169 170
170 172
172 172
173 173
173 173
174 174
174 176
178 179
180 180
182 183
184 185
186 186
187 188
188 188
189 189
189 190
190 190
191 194
195 197
197 198
199 200
201 203
204 205
206 206
207 208
210 211
211 212
212 213
214 215
217 218
221 223
223 223
224 228
228 228
232 235
236 236
236 236
238 239
240 240
240 240
240 240
241 242
243 244
244 245
248 248
248 249
249 252
252 257
257 257
258 259
259 259
261 262
262 264
264 265
265 266
267 267
268 272
272 272
272 273
274 276
277 280
280 280
282 284
286 287
288 289
289 289
291 295
296 297
299 302
303 305
306 307
308 308
309 316
316 317
317 319
320 320
