205 40
52 161
227 25
13 7
58 70
78 235
97 115
158 173
19 28
44 200
7 61
1 52
70 161
77 110
205 27
39 49
59 153
8 66
96 172
210 160
180 75
233 214
36 197
43 19
161 9
121 61
1 99
219 67
76 132
225 39
17 31
111 154
208 50
88 9
58 116
137 1
231 160
70 212
97 122
235 29
38 50
216 56
19 106
9 62
82 161
130 183
73 84
111 1
170 224
91 151
205 134
31 53
22 43
64 97
173 213
228 118
10 137
156 193
101 178
212 232
27 80
122 109
43 88
55 214
238 37
125 160
15 62
92 110
67 33
217 7
129 237
97 114
185 24
77 147
240 135
222 42
19 190
60 172
208 238
38 89
114 133
13 80
31 68
157 240
116 9
73 134
210 26
96 44
195 178
6 115
228 37
61 78
162 215
19 133
1 100
199 117
49 146
64 161
83 8
42 199
221 238
119 30
179 192
67 211
84 102
234 11
178 192
23 161
69 9
237 41
84 194
161 101
221 11
66 117
28 58
238 48
83 99
161 11
196 58
209 221
131 240
80 97
117 15
94 221
56 75
38 133
146 17
117 179
47 1
128 221
24 198
162 65
144 127
240 33
58 80
164 196
11 70
180 104
17 222
197 44
51 80
128 141
4 107
219 74
160 148
240 19
32 59
118 176
128 42
76 160
21 195
207 67
3 32
176 58
160 80
206 136
155 17
70 171
3 114
11 62
190 54
87 129
107 1
126 78
11 22
45 98
158 117
65 89
161 26
112 57
11 82
127 100
240 21
120 6
48 62
93 144
160 176
2 3
4 4
4 5
6 7
7 7
11 11
14 15
15 15
18 18
18 18
19 19
21 21
22 22
25 27
28 30
30 32
33 33
34 35
35 35
35 38
38 39
40 42
43 43
45 46
46 47
47 48
49 50
50 51
53 57
57 58
59 59
59 59
59 61
61 62
63 63
63 64
64 65
66 68
69 70
71 73
73 73
74 75
76 76
77 77
77 77
78 78
81 81
81 82
83 83
84 84
84 86
87 87
89 89
91 91
91 91
91 92
94 94
94 94
95 97
97 97
99 99
99 101
102 103
104 104
105 106
106 106
107 107
108 109
110 111
112 113
113 113
115 115
115 116
116 116
119 120
121 122
123 123
124 125
125 125
126 127
127 128
129 129
130 130
133 133
135 138
138 138
138 140
140 141
141 142
143 143
144 146
146 146
147 147
148 148
149 150
150 151
153 153
155 155
157 158
158 158
158 158
159 160
160 160
161 161
164 166
166 167
167 167
168 169
172 175
175 176
178 178
179 180
181 182
182 182
184 184
184 187
188 188
188 189
189 192
192 192
193 193
194 194
195 198
200 200
201 201
203 204
204 205
205 205
209 210
212 212
213 213
214 216
218 219
219 221
221 222
226 226
228 228
229 230
233 233
236 238
238 238
240 240
241 241
241 243
244 246
248 250
251 251
251 254
257 259
259 259
260 261
261 263
264 265
267 268
270 272
273 275
275 276
277 277
278 279
280 281
281 283
283 283
287 289
289 290
293 293
296 296
297 298
299 302
302 303
303 305
306 307
312 314
316 317
318 320
320 320
320 320
320 320
