85 197
49 121
175 1
148 216
14 36
60 24
71 156
129 103
43 78
111 81
138 237
5 172
194 217
19 117
26 33
50 98
151 63
128 70
181 222
158 205
105 3
81 12
191 212
19 27
39 115
47 60
95 142
70 102
196 175
236 6
129 2
50 14
26 81
160 60
114 137
221 34
38 206
71 92
186 46
163 140
81 59
1 104
125 170
10 26
19 69
35 152
94 197
112 47
132 240
78 177
1 221
11 160
204 56
19 182
3 28
99 80
36 112
155 175
192 207
44 166
83 127
155 55
110 233
174 5
137 199
62 216
14 23
30 39
118 159
240 67
96 182
205 75
122 49
102 80
187 225
3 16
53 169
24 212
86 35
62 195
230 154
133 215
44 178
94 117
73 161
98 139
5 23
202 240
187 30
79 41
52 146
105 207
60 168
127 152
160 67
87 107
223 7
35 12
25 71
93 43
137 240
222 196
51 212
80 59
98 161
144 27
166 23
17 34
64 201
8 105
124 190
230 40
171 80
88 5
71 49
110 153
223 160
240 56
79 24
66 113
16 34
99 212
227 25
73 93
142 193
13 130
45 163
180 97
118 221
5 75
201 234
170 52
32 148
185 98
240 21
1 119
80 59
134 204
41 103
149 187
14 84
229 6
122 216
29 47
106 67
87 166
161 180
50 137
69 150
220 19
107 2
207 180
233 149
220 135
24 88
107 184
78 223
54 150
43 138
161 180
87 31
71 107
121 240
43 86
152 17
220 205
136 169
81 64
106 121
4 22
42 94
60 200
211 152
222 1
117 31
59 76
91 240
103 134
8 51
81 117
224 184
44 169
208 11
18 224
32 94
78 184
204 48
222 1
81 68
40 29
62 80
106 162
17 45
179 64
4 54
16 45
141 160
67 102
57 1
116 48
240 75
38 94
111 159
1 1
3 3
3 5
5 5
6 7
7 8
8 8
9 10
11 13
13 14
14 16
18 18
18 18
20 20
21 21
21 23
23 25
25 26
26 26
27 27
30 31
31 33
33 33
34 34
34 34
35 37
38 38
39 41
41 42
42 43
43 44
44 45
45 45
46 47
47 48
48 49
49 49
50 50
50 53
53 54
56 57
58 58
59 59
60 60
61 61
62 62
63 63
64 65
65 65
66 66
68 68
69 69
69 70
71 71
72 73
75 76
77 78
78 78
78 78
80 80
81 81
81 82
82 82
83 84
84 85
86 86
87 87
89 89
89 89
89 90
90 92
92 93
94 95
96 97
97 97
98 98
99 99
102 102
103 104
104 104
104 105
107 107
108 108
109 109
111 111
112 112
113 113
113 113
114 115
115 117
117 118
119 119
120 120
124 124
125 126
126 126
126 127
129 130
130 131
132 133
133 133
134 135
136 136
138 139
139 140
141 142
142 143
144 144
144 144
145 145
145 147
147 148
148 149
149 150
150 152
152 152
154 155
155 157
157 158
158 158
159 160
160 160
160 161
161 161
161 161
164 164
165 166
166 167
167 167
169 170
170 171
172 173
174 174
174 175
175 176
177 178
179 180
181 181
182 182
182 182
183 183
184 185
189 189
190 190
191 192
192 192
193 193
196 196
197 197
198 203
204 205
205 206
206 207
207 211
212 212
213 214
215 215
216 216
219 219
219 220
221 222
222 224
224 225
226 227
228 230
230 232
233 233
234 235
236 236
238 238
240 240
241 241
241 242
242 243
243 244
245 245
245 246
247 248
250 250
250 250
250 252
256 256
257 259
259 259
260 262
263 263
265 268
269 271
271 273
274 275
278 281
282 283
287 287
287 293
298 298
300 303
303 306
307 311
312 313
314 315
316 317
318 320
320 320
