55 62
83 159
228 149
19 4
11 27
95 205
240 75
182 42
118 140
50 82
160 187
61 125
168 16
91 146
214 4
26 34
70 43
100 193
222 160
80 50
111 137
240 161
180 13
67 94
20 122
207 3
28 36
73 158
236 43
103 188
78 129
214 151
171 60
85 133
1 17
112 220
10 195
29 91
65 2
37 160
200 47
180 228
72 98
55 78
144 165
208 233
103 30
126 83
188 9
19 107
149 41
171 1
89 216
52 61
129 197
70 114
155 221
178 137
240 12
34 76
161 97
116 230
25 209
222 5
46 189
203 80
103 54
146 165
229 62
124 90
208 12
69 107
191 40
74 152
23 46
93 174
214 1
113 132
235 53
20 81
98 201
180 61
120 162
221 89
39 68
183 80
121 31
49 101
161 10
149 207
81 228
29 58
107 172
191 5
22 214
154 86
65 182
197 90
108 158
174 240
1 45
38 20
128 216
202 73
143 56
113 160
185 238
32 96
221 13
36 132
118 46
63 181
80 208
18 98
149 66
84 78
181 51
78 161
200 9
37 122
236 221
24 142
57 166
206 81
237 72
152 10
222 187
46 104
125 141
169 235
12 76
157 190
32 64
108 53
92 141
236 14
128 175
107 40
59 194
22 159
1 105
130 144
89 52
45 24
178 5
143 57
33 101
118 161
216 130
145 78
201 12
237 23
114 35
45 71
220 1
59 96
21 124
27 108
160 9
77 136
45 151
240 14
67 99
58 21
119 171
204 1
93 224
43 133
33 83
143 175
42 47
17 77
240 6
106 207
68 229
7 36
172 58
240 98
159 2
17 48
227 88
202 186
80 7
132 151
240 168
64 73
19 104
123 45
144 29
94 161
86 237
17 115
6 71
218 137
158 204
191 54
32 42
80 105
128 150
65 213
5 56
93 21
32 120
144 40
84 14
112 195
72 163
208 105
46 133
156 2
13 28
81 175
90 125
187 82
119 145
199 104
60 165
44 35
134 95
103 192
84 125
62 72
47 107
240 35
93 160
131 152
1 1
1 1
1 2
3 4
4 5
5 5
5 6
6 7
9 9
10 10
13 13
14 14
15 16
16 16
16 17
18 19
20 21
21 21
22 23
24 25
26 26
26 28
29 31
31 31
32 33
33 34
35 35
35 35
37 38
38 39
40 40
40 43
43 44
44 44
46 46
46 46
47 47
48 48
49 50
51 51
52 53
53 54
56 56
58 58
58 58
58 59
60 61
61 62
62 63
63 63
64 65
65 66
67 67
68 68
68 70
71 71
71 72
74 76
76 77
77 77
77 78
78 78
80 80
80 81
81 81
82 83
84 86
86 87
87 88
88 89
89 90
91 92
92 94
95 95
96 96
96 96
96 98
98 98
99 100
102 102
102 102
103 104
105 106
107 110
111 111
111 112
112 113
113 113
113 115
115 115
116 117
118 119
121 121
121 122
122 122
123 124
128 128
128 129
129 129
129 129
130 131
132 133
133 133
135 136
136 137
137 137
137 137
138 138
139 140
144 144
145 146
146 146
147 147
148 150
151 152
152 153
153 154
156 157
157 158
158 158
158 159
160 160
161 161
161 162
162 163
164 165
165 166
167 168
168 169
169 170
171 172
173 173
174 174
176 177
177 177
177 178
179 180
182 183
183 183
185 185
186 189
189 189
190 191
192 193
193 196
196 198
199 199
199 199
199 200
202 203
204 205
206 207
207 208
208 208
208 209
210 211
214 215
216 216
216 218
221 221
222 222
222 224
224 224
225 226
226 226
228 229
229 229
230 230
233 233
233 233
235 235
236 236
236 237
237 237
238 240
241 241
241 242
243 244
244 245
245 245
245 247
248 249
251 252
252 252
253 254
255 255
256 256
258 259
259 260
260 261
262 263
264 264
265 265
266 267
267 267
268 269
270 271
272 272
275 275
277 278
279 279
280 281
281 281
281 282
283 284
286 286
287 287
288 290
291 291
292 293
294 294
294 294
295 295
297 298
299 299
299 301
302 302
303 305
305 306
306 307
309 311
312 312
315 316
316 317
319 319
320 320
