31 49
86 139
17 61
115 223
4 165
188 230
69 94
210 240
106 127
173 80
240 20
36 11
27 94
114 175
199 220
1 44
60 138
68 102
158 127
204 221
80 145
185 110
165 20
32 228
43 51
89 120
14 60
209 191
3 238
68 160
102 131
80 176
197 115
30 86
37 161
142 222
13 45
54 93
20 3
62 204
71 149
97 126
228 105
188 80
153 34
132 26
46 111
210 233
13 4
55 160
179 65
215 138
92 118
73 97
240 80
182 163
146 48
103 223
53 127
26 35
204 59
168 17
109 187
70 7
81 148
229 88
133 159
213 74
172 194
234 51
95 155
29 116
214 135
178 42
64 21
100 216
233 69
9 122
80 163
109 142
181 27
87 220
125 239
42 1
20 56
92 204
37 62
111 168
188 130
148 161
16 69
226 98
34 115
77 194
213 8
177 84
53 105
230 45
196 64
117 136
1 23
181 163
42 156
72 80
217 151
121 236
17 34
201 100
184 166
240 224
78 60
121 192
169 206
13 49
31 103
140 10
84 67
124 154
43 108
169 210
194 23
8 45
143 56
73 128
91 108
188 150
204 234
38 75
221 59
93 159
171 2
146 45
129 235
17 31
204 63
80 171
157 52
111 209
18 130
192 238
173 41
81 1
19 160
69 112
96 58
236 145
132 2
21 70
111 93
45 161
195 107
132 147
239 27
90 215
8 56
72 50
179 81
144 28
103 118
61 131
161 12
38 145
80 214
240 114
182 199
1 94
74 18
48 160
41 62
217 87
108 230
3 25
120 134
160 33
80 13
99 69
49 147
173 60
92 189
204 212
220 29
99 129
19 158
198 139
240 171
1 218
50 37
78 202
97 11
40 232
50 88
22 180
79 220
1 196
27 34
160 102
14 67
139 94
155 24
85 112
34 133
152 1
197 12
22 81
104 29
126 35
145 46
67 93
118 140
58 160
49 111
160 130
81 240
161 116
140 67
75 104
1 1
1 1
2 2
2 2
3 3
4 4
5 5
5 7
8 8
8 10
13 14
14 15
15 15
15 15
15 15
16 16
17 17
19 19
19 21
22 22
23 23
24 25
25 27
27 27
28 28
29 29
30 30
30 31
32 32
34 34
35 35
36 36
38 39
40 40
41 41
42 43
44 44
44 44
45 46
47 47
48 48
49 49
50 52
52 53
53 55
55 56
56 56
56 57
59 60
60 60
60 62
62 63
64 64
66 66
66 67
67 68
69 70
70 70
71 71
72 72
72 73
73 75
75 75
76 77
77 77
77 78
79 79
80 81
81 83
83 85
85 85
86 86
86 87
87 88
88 89
90 91
91 92
93 93
95 96
97 97
97 99
99 99
100 100
101 102
102 102
103 103
104 104
104 104
105 106
106 106
107 107
108 109
110 110
112 113
113 114
115 117
118 118
119 120
120 121
121 121
123 123
123 124
125 125
126 126
126 127
129 129
130 130
130 131
131 132
132 134
135 137
137 137
138 138
139 139
141 142
142 144
144 145
145 145
146 146
146 146
147 149
150 152
152 153
153 154
155 157
157 158
158 158
160 160
160 161
161 161
161 162
165 167
167 167
168 168
169 170
170 170
174 176
176 176
177 177
177 178
179 180
180 181
182 182
183 184
185 186
186 187
188 190
190 190
191 192
194 195
195 197
198 198
198 199
199 200
201 202
202 203
204 206
206 207
208 208
209 209
210 211
213 213
214 214
214 217
217 218
219 219
220 221
221 221
222 222
225 226
226 226
228 229
229 231
231 233
233 235
235 236
237 237
238 240
240 240
240 240
240 241
241 241
242 242
244 245
246 247
248 248
249 250
250 255
256 258
259 259
261 261
264 264
265 265
266 266
268 268
268 270
272 272
273 275
276 277
277 279
280 281
281 283
284 287
287 287
287 290
290 291
291 292
296 297
297 297
298 299
302 302
305 308
316 316
317 318
318 320
320 320
