6 17
57 240
1 160
225 42
205 105
32 76
22 160
240 2
82 24
162 35
82 51
162 1
34 82
19 56
45 1
29 80
74 16
102 87
162 80
3 54
162 239
33 80
206 2
21 63
76 94
115 143
102 129
160 212
53 7
80 86
71 161
55 240
92 38
80 67
2 158
20 176
8 33
82 70
137 1
147 53
162 210
223 82
90 238
134 4
205 50
162 216
174 82
91 9
124 66
232 152
162 74
82 61
11 240
142 1
73 81
162 26
155 170
19 58
213 238
76 125
160 48
95 166
204 134
240 40
145 224
156 5
61 237
26 53
128 138
156 43
13 224
172 90
99 65
113 35
78 240
57 157
233 7
123 206
213 1
47 139
166 82
95 102
110 149
36 122
229 56
11 30
48 135
87 163
211 76
1 189
238 43
95 147
122 169
104 200
220 1
18 67
58 153
112 177
240 80
185 13
47 86
162 236
25 86
60 157
218 80
146 169
62 100
117 160
5 179
20 197
39 92
134 164
208 73
112 147
232 44
78 175
203 220
196 151
240 67
160 3
81 115
129 215
58 179
98 145
192 206
1 47
115 233
156 164
130 81
1 70
115 132
183 240
91 191
10 59
214 99
168 54
150 228
43 131
80 9
187 94
134 173
198 1
72 153
19 37
161 67
231 240
83 89
132 222
52 99
22 40
115 177
210 167
8 18
81 240
100 197
61 155
182 45
146 225
164 196
53 76
92 40
120 208
220 236
4 13
82 161
222 240
48 208
195 1
28 161
80 115
149 170
186 229
1 1
1 1
2 2
2 3
3 5
9 10
12 14
14 20
20 23
28 29
32 36
41 42
42 43
47 48
50 54
54 54
55 62
62 64
64 65
70 71
73 76
77 78
78 81
81 81
81 81
81 81
82 82
82 82
83 86
86 86
89 92
93 94
97 98
98 102
103 105
106 107
111 112
112 113
113 116
116 117
118 119
123 124
125 126
127 129
130 131
132 134
135 136
137 138
138 139
139 142
145 147
147 149
152 152
154 157
157 157
157 158
158 160
161 161
161 161
162 162
162 163
163 163
163 165
165 166
166 167
169 171
172 172
173 175
175 178
179 180
181 181
182 183
183 184
184 185
185 185
187 187
187 188
188 189
191 192
192 192
192 195
196 196
196 197
199 200
201 203
204 205
205 205
206 207
207 208
209 209
209 210
210 210
211 211
213 214
214 215
215 215
216 216
217 218
218 221
221 222
222 222
223 225
227 227
228 228
229 230
230 231
232 233
233 233
235 235
236 236
237 237
238 238
238 240
240 240
240 241
241 241
241 241
242 243
243 244
245 246
246 246
247 247
248 248
250 250
250 251
252 252
252 252
253 253
254 255
258 259
260 260
260 260
261 261
262 262
263 264
264 265
265 265
267 267
268 270
270 271
272 272
272 274
274 274
275 275
277 278
278 278
280 281
281 281
282 283
284 285
286 287
287 289
291 292
292 292
293 293
297 297
297 298
298 298
300 300
301 303
303 304
305 305
305 305
306 306
310 311
311 312
313 315
316 317
317 317
318 318
318 318
318 318
