9 76
99 147
158 63
1 240
82 162
1 203
234 162
1 127
63 162
179 80
1 61
33 234
80 115
2 201
162 82
2 160
19 144
201 222
10 31
59 80
166 213
152 128
145 240
162 15
5 80
181 229
127 33
238 162
82 161
2 181
47 186
161 210
15 87
111 69
165 34
24 14
89 118
76 2
47 163
227 81
16 143
68 2
42 162
82 240
29 119
137 160
2 80
173 155
98 215
38 66
148 204
26 109
16 77
171 88
156 217
185 240
199 2
53 82
167 212
225 13
124 178
137 160
239 194
2 75
55 82
88 162
205 116
128 240
39 160
26 77
84 95
1 240
107 162
52 119
134 39
80 146
90 14
82 220
240 100
189 110
160 6
231 122
201 50
39 139
172 80
161 212
84 94
21 104
123 160
189 221
10 115
138 57
66 80
234 199
2 45
124 172
160 25
91 180
133 107
199 15
236 216
53 63
70 78
116 41
109 143
222 136
161 196
90 186
209 1
151 26
104 179
17 131
206 56
157 45
80 64
116 138
13 91
169 73
122 161
215 240
145 81
1 224
130 178
56 205
17 81
240 111
161 187
56 30
213 116
139 240
220 33
7 109
120 178
201 63
146 19
167 210
49 216
236 76
131 185
38 87
100 150
4 163
29 117
158 176
203 87
136 19
102 53
161 229
211 122
154 42
87 104
185 77
31 64
140 199
216 122
27 190
15 159
220 169
145 106
45 67
126 201
9 86
138 173
194 1
1 1
1 1
4 5
6 15
16 20
20 27
28 31
31 35
41 44
45 47
50 54
55 57
58 60
63 66
70 71
77 80
80 80
80 81
81 81
81 81
82 83
87 89
91 92
93 95
95 96
97 98
101 102
103 107
107 108
109 110
113 114
115 117
117 117
118 122
124 127
128 128
128 130
132 132
132 133
138 139
139 141
143 144
144 145
147 148
150 152
152 155
156 156
157 158
158 160
160 160
160 161
161 162
162 162
163 163
164 166
166 168
169 171
171 173
173 176
177 177
177 179
179 180
181 182
182 183
183 184
185 186
188 190
191 193
193 195
195 196
197 198
198 199
199 201
201 203
204 206
207 208
209 209
209 209
210 210
211 211
212 212
213 214
215 216
216 216
217 217
218 220
220 221
223 223
223 223
224 225
225 226
228 228
228 228
229 230
230 231
231 232
233 233
233 235
236 236
237 237
238 241
241 241
241 241
242 242
242 242
243 243
243 244
244 245
246 246
248 249
249 250
250 250
251 251
252 252
254 254
254 255
255 256
258 259
259 259
259 260
261 263
263 265
265 266
266 268
268 268
269 270
270 271
272 272
273 273
273 275
276 278
278 278
280 280
281 282
283 283
283 284
286 286
287 287
287 288
290 290
290 291
291 292
292 292
292 292
295 295
296 297
298 298
299 300
301 301
302 303
303 303
304 305
305 305
305 305
307 309
310 311
311 311
312 313
314 316
316 316
316 318
318 318
318 320
