1 22
82 158
12 235
62 51
184 1
113 36
100 75
61 6
122 240
161 81
17 62
152 163
1 100
80 87
21 67
215 138
153 1
36 98
26 71
17 57
153 1
166 240
80 19
240 138
161 105
4 125
29 85
176 220
236 150
22 226
71 57
203 47
240 3
141 112
99 31
81 166
15 53
218 42
130 2
164 26
80 71
13 39
162 85
223 1
27 52
124 106
162 82
202 31
71 226
240 61
127 162
173 51
114 200
85 214
29 70
147 53
161 180
11 105
172 91
194 37
80 203
1 125
66 141
156 174
19 43
158 224
6 104
240 84
117 178
192 32
136 160
125 147
209 53
222 236
11 42
191 78
107 28
90 134
205 3
161 51
216 17
175 232
112 78
92 103
9 126
36 203
153 165
182 20
51 76
193 114
230 63
132 10
239 37
144 207
157 90
172 1
28 76
215 184
128 51
227 137
16 147
197 43
160 239
94 88
7 76
108 176
210 65
118 28
132 57
189 227
142 161
46 153
16 175
203 94
103 117
236 39
69 81
210 161
9 61
128 217
32 108
171 144
52 161
213 1
25 189
240 228
100 108
206 91
116 153
80 233
41 128
188 81
162 14
63 34
141 168
217 55
194 92
161 81
153 49
101 128
175 10
206 226
240 110
4 23
74 159
65 183
236 118
191 36
168 215
18 54
92 148
225 31
14 81
92 153
177 237
124 69
107 197
42 10
138 146
157 216
239 27
100 183
55 204
1 80
85 168
222 74
8 187
201 39
137 214
234 65
153 24
123 173
55 138
89 191
200 5
78 124
141 222
237 66
99 177
81 159
89 62
227 1
50 196
205 27
80 14
41 102
123 134
168 182
112 143
161 1
1 1
1 2
3 4
5 8
9 9
11 11
16 20
22 23
26 29
30 34
35 37
38 39
41 44
44 47
48 50
51 52
54 54
56 59
61 62
63 64
67 67
67 69
74 76
77 77
78 80
80 81
81 81
81 81
82 83
83 84
86 86
87 89
90 90
91 92
93 93
93 98
100 101
102 102
103 104
105 105
107 113
114 115
116 118
119 120
123 123
124 124
128 128
129 130
131 132
133 134
134 134
135 137
138 139
140 141
141 144
145 145
146 147
147 147
149 149
150 150
150 152
152 154
154 156
157 158
160 161
161 162
162 162
163 163
163 163
164 165
167 168
168 168
169 171
173 174
175 175
176 177
178 178
178 179
180 182
183 183
185 185
187 188
189 189
189 190
190 191
192 194
196 197
198 198
199 200
201 201
202 202
203 203
204 205
206 207
208 209
210 210
210 210
213 214
215 215
216 217
217 217
218 219
219 220
221 222
222 222
222 222
223 223
224 226
227 227
228 229
229 231
231 232
232 232
234 234
234 234
236 236
236 236
237 238
238 238
238 240
241 241
242 243
243 243
244 244
244 244
245 246
246 246
247 247
247 248
248 250
250 252
253 253
254 254
255 255
255 255
256 256
257 257
258 259
260 260
260 260
261 261
261 262
263 265
265 265
265 266
266 266
267 267
268 270
270 272
272 272
274 275
276 277
277 277
279 279
279 280
282 282
282 283
284 284
284 284
285 285
286 286
287 288
288 289
289 290
292 292
294 295
295 295
296 296
296 296
297 297
300 300
300 301
302 304
306 306
307 308
308 308
308 309
310 310
310 311
312 313
314 315
316 316
316 316
317 317
318 318
318 318
318 318
318 320
320 320
