11 46
57 187
197 216
1 240
40 126
143 157
110 166
232 26
94 87
178 74
195 17
60 207
8 126
47 110
142 98
156 169
228 23
80 70
181 194
11 208
33 128
217 103
142 227
96 153
22 161
239 84
76 181
14 62
194 48
213 38
120 131
142 228
76 90
102 24
158 173
189 56
9 210
45 224
35 107
122 239
137 155
161 89
171 20
73 80
189 63
209 8
47 160
33 92
108 216
77 199
240 63
21 129
2 7
46 89
99 117
161 170
182 195
209 31
83 220
24 65
230 1
238 135
54 149
166 45
94 120
183 1
107 194
78 208
225 23
63 240
141 156
46 175
6 167
99 188
197 32
84 215
108 73
119 232
60 135
49 151
12 163
169 211
220 37
175 237
1 97
112 120
191 27
78 197
23 63
204 154
47 141
161 240
217 14
232 5
36 186
102 73
23 85
202 62
129 143
212 45
158 12
171 228
185 72
87 98
107 3
31 239
61 120
133 199
211 162
15 45
240 84
71 177
101 110
223 5
57 117
127 138
234 31
189 152
203 85
22 213
71 167
55 98
109 180
45 123
224 10
133 143
194 236
31 155
90 162
1 82
70 172
206 103
59 112
22 51
127 224
186 161
240 10
138 40
199 149
171 85
98 33
77 113
63 207
157 4
121 214
26 55
166 139
19 45
102 110
202 85
90 149
231 72
34 65
123 8
56 27
136 214
47 164
190 86
2 77
95 148
171 223
43 123
203 240
105 16
131 154
58 67
180 233
113 30
213 240
194 11
80 164
87 47
184 143
203 222
7 24
106 93
159 149
172 60
235 82
72 127
160 193
228 62
152 2
36 213
237 94
133 19
54 114
179 200
73 192
234 38
79 164
220 67
98 1
117 183
31 132
210 239
58 148
203 226
15 99
169 118
134 24
47 81
152 188
160 136
204 219
118 173
61 155
240 54
224 136
193 40
5 46
158 237
10 36
73 168
17 95
228 121
155 67
199 136
109 182
215 90
54 172
235 37
118 155
134 10
87 202
4 73
81 31
101 223
186 114
150 80
169 200
59 50
131 74
92 35
186 161
228 8
14 104
1 63
151 81
200 214
44 125
56 119
139 165
1 1
1 1
1 1
2 2
4 4
4 4
5 5
5 8
9 10
10 11
12 13
15 15
16 17
18 18
18 19
20 20
20 21
23 24
24 26
28 28
31 31
31 32
32 32
33 33
34 34
34 35
36 38
39 39
39 41
41 43
44 44
45 45
47 47
47 48
48 49
51 52
54 54
55 56
57 58
58 58
59 59
59 60
60 61
61 61
62 63
65 68
68 69
70 71
71 72
73 73
73 75
76 77
81 81
81 81
81 81
81 81
81 81
81 83
83 83
86 86
86 87
88 89
91 91
91 92
92 93
93 94
94 94
96 96
96 98
99 100
101 102
103 103
104 104
105 106
106 107
107 107
108 109
109 109
112 112
114 114
115 115
115 116
116 117
117 119
120 120
121 121
121 122
122 122
123 123
125 126
127 127
127 127
128 129
129 131
132 132
134 135
136 136
136 137
137 138
140 141
141 143
143 144
145 147
147 147
147 148
148 148
149 149
149 149
153 154
156 156
156 157
158 158
160 160
160 161
161 161
161 161
161 162
163 165
165 166
167 167
168 168
170 170
171 171
173 173
173 174
175 176
176 176
177 177
178 178
179 179
180 180
180 181
182 182
183 185
185 185
186 188
188 189
189 190
190 191
191 193
193 194
194 194
195 195
196 197
197 197
198 198
200 201
202 203
205 205
205 206
206 206
206 208
209 209
210 213
213 214
214 214
215 215
215 216
217 218
218 218
218 219
220 220
220 221
222 223
224 224
225 225
225 225
226 227
228 228
229 230
230 230
231 232
232 233
233 233
235 235
235 236
236 237
237 238
238 239
240 240
241 241
241 242
242 243
243 243
243 244
244 245
245 247
247 247
248 248
248 249
249 251
251 252
252 253
254 254
255 255
255 255
257 257
257 257
259 259
259 260
260 261
261 262
262 265
266 267
267 267
268 269
272 272
272 273
273 274
274 276
277 277
279 279
281 281
281 281
282 282
282 283
285 286
286 287
288 289
289 290
292 292
292 293
293 293
295 296
296 296
297 298
298 299
300 300
301 302
302 303
303 303
304 306
306 309
309 310
310 311
311 312
312 312
313 314
314 317
317 317
318 318
320 320
320 320
