35 46
114 124
139 150
162 203
212 240
25 102
87 233
74 180
10 160
55 141
24 230
92 86
240 15
72 176
6 58
205 45
108 124
240 96
141 21
153 167
226 68
80 9
52 192
206 31
126 240
101 214
20 94
224 81
74 162
12 59
179 191
46 35
210 117
129 225
21 74
87 100
161 154
170 239
53 6
42 207
32 104
222 81
119 134
17 152
162 236
70 84
186 60
4 206
116 122
127 135
155 165
198 30
160 89
105 179
74 212
18 60
236 126
43 96
114 160
164 179
80 20
216 61
226 131
234 51
161 42
146 91
116 179
190 75
204 20
60 2
137 237
43 152
162 95
28 184
80 104
193 70
211 115
228 57
131 8
45 147
240 164
206 216
81 26
94 231
108 116
183 19
75 193
127 43
52 199
9 137
150 158
165 1
213 227
33 181
69 113
19 81
240 197
125 160
138 42
207 8
153 80
166 239
180 223
27 68
83 93
103 116
234 129
194 50
160 206
11 157
41 80
173 67
222 1
83 97
184 54
106 28
229 113
240 148
198 19
81 67
163 208
52 94
105 6
41 175
119 218
129 231
27 139
189 150
79 86
167 67
99 202
18 55
108 48
123 181
219 5
37 158
194 144
167 228
81 1
30 95
60 109
73 202
22 153
209 53
116 237
161 15
42 135
219 198
99 107
81 87
145 226
30 69
62 1
120 53
23 209
240 45
133 160
186 83
74 93
144 167
218 40
120 198
12 3
102 128
239 55
64 151
177 227
27 71
110 7
190 208
224 235
160 78
44 84
180 199
3 20
140 217
102 90
168 38
145 81
106 124
224 60
160 189
232 15
207 130
51 91
240 175
112 70
188 34
76 160
215 65
27 95
114 179
129 234
55 199
221 145
96 165
44 115
131 79
149 240
184 68
133 215
115 200
90 169
58 151
240 51
219 133
188 41
4 11
19 155
29 70
93 119
224 152
64 172
195 56
12 133
237 80
106 211
50 87
231 1
168 39
116 152
25 83
131 198
69 98
219 54
112 183
228 240
77 147
161 197
44 129
1 1
1 1
1 1
1 1
1 1
3 4
6 6
7 9
10 11
12 16
18 19
20 21
21 22
22 22
25 26
27 29
29 29
29 30
30 32
32 32
32 35
35 38
38 38
41 42
43 43
44 44
45 45
45 46
47 47
49 50
50 51
52 54
54 56
56 58
59 59
59 59
59 60
61 61
63 64
67 67
68 69
69 70
70 71
72 72
72 72
73 73
74 75
78 78
81 81
81 81
81 81
81 82
82 83
83 83
85 85
87 87
87 90
92 93
93 93
94 94
96 98
98 100
100 102
102 103
103 104
104 105
105 106
107 108
109 110
111 113
114 114
116 116
117 118
119 119
120 120
120 121
121 122
123 125
125 126
126 127
127 129
130 130
131 133
133 133
134 134
134 135
135 135
137 139
139 139
140 140
140 141
141 142
142 143
145 146
147 147
148 148
148 150
151 151
152 154
154 155
155 157
157 157
158 158
161 161
161 161
161 162
162 163
163 164
164 167
168 168
170 170
170 171
172 173
173 173
173 174
174 175
175 176
177 179
179 180
180 182
182 182
184 184
185 186
186 186
187 187
189 190
191 191
191 192
193 193
194 195
195 195
196 196
197 199
199 200
200 202
203 203
205 206
206 206
207 208
208 208
209 209
210 210
211 211
211 212
212 213
214 215
216 216
218 219
220 220
221 221
221 221
222 222
224 225
225 227
228 228
228 229
229 229
230 231
232 233
233 233
233 234
235 235
236 237
237 238
238 240
240 240
240 240
241 241
241 243
243 243
243 243
244 245
246 246
247 247
248 248
248 248
250 251
252 253
253 254
255 255
255 256
256 256
257 258
258 259
260 260
260 261
262 263
263 264
264 266
266 267
268 268
269 269
270 270
271 271
271 272
274 274
275 275
275 277
277 277
280 281
281 281
282 282
284 284
286 286
286 287
288 289
289 291
292 294
294 294
295 295
297 297
297 299
300 300
300 301
302 302
302 303
303 304
305 305
305 306
306 307
308 308
310 310
310 310
311 315
315 316
316 316
316 316
317 317
317 318
320 320
