88 142
149 160
237 11
68 81
172 2
54 201
41 104
120 137
240 16
92 150
163 64
80 176
5 188
48 202
27 122
211 97
136 240
16 90
221 78
160 7
175 55
188 42
207 31
114 125
222 17
70 84
96 150
167 235
2 49
38 203
28 218
100 115
82 131
232 13
148 66
182 56
202 1
113 131
26 162
85 101
209 70
232 14
56 240
122 39
110 92
160 175
188 77
212 17
222 4
57 69
230 128
240 47
142 159
38 86
112 175
80 99
186 71
200 217
16 56
161 133
233 148
39 159
91 180
24 189
77 101
207 66
111 224
127 52
41 143
4 160
167 202
212 29
81 238
90 228
104 179
70 112
15 82
189 56
123 195
133 146
39 153
161 209
223 29
177 65
94 236
15 77
110 193
121 134
203 37
149 161
4 219
177 240
90 99
64 79
23 230
54 112
125 190
141 202
7 169
162 37
82 63
218 1
93 101
180 225
49 109
159 24
194 240
133 144
15 76
149 189
204 63
159 90
48 101
171 37
114 214
2 124
240 134
185 227
23 146
82 162
75 63
95 197
237 51
104 15
119 214
43 177
1 129
33 162
190 140
223 77
90 105
26 56
198 68
149 205
18 114
48 233
158 131
11 38
215 193
95 103
140 168
222 77
82 64
26 58
116 49
128 205
20 156
181 41
79 69
163 88
140 214
36 115
194 97
9 123
146 60
172 51
106 23
186 204
231 3
156 74
80 40
176 136
195 213
239 1
17 98
86 141
164 102
120 185
219 56
81 158
204 228
126 162
12 47
88 171
192 236
41 108
184 225
67 203
72 30
156 211
61 92
175 111
125 230
24 141
195 217
52 8
161 92
111 127
18 41
145 236
75 180
129 196
211 1
65 111
225 87
165 17
147 55
76 48
94 129
185 215
33 39
151 3
237 161
10 18
28 67
81 89
220 148
61 192
129 54
78 103
11 208
84 48
165 30
113 149
238 1
37 128
194 81
67 24
216 95
179 240
108 75
144 193
53 161
125 43
206 220
86 5
27 68
179 237
99 145
56 235
206 37
194 76
133 14
85 159
176 240
42 48
237 1
1 1
1 1
3 3
3 3
6 7
8 10
10 10
11 11
12 12
13 13
16 16
17 19
19 20
21 23
24 24
25 25
25 26
26 26
27 27
30 31
32 32
33 34
35 37
37 38
40 40
40 40
41 42
42 45
45 48
48 49
49 50
51 52
52 52
53 53
54 55
56 59
60 61
62 63
63 64
64 65
66 67
68 68
70 71
73 73
74 74
74 76
77 78
80 80
81 81
81 81
82 82
84 84
84 85
86 86
86 87
87 87
89 89
90 91
92 93
94 94
96 97
98 99
99 100
100 101
101 101
102 102
103 105
106 107
107 108
109 110
110 110
111 112
112 113
113 114
114 115
115 116
116 116
117 117
119 120
120 121
121 121
122 123
126 126
128 128
128 129
129 129
130 131
131 134
135 135
136 137
138 139
139 140
140 141
141 142
142 143
143 143
143 145
147 149
149 150
151 151
152 152
153 153
153 153
154 155
155 156
157 157
157 160
160 161
161 161
161 161
162 162
164 165
165 165
167 167
167 168
169 169
170 170
170 172
172 173
173 174
175 175
175 175
176 176
177 179
179 180
180 183
183 184
184 184
185 186
187 188
188 189
189 189
190 190
191 192
192 193
193 194
195 197
197 197
199 200
200 200
200 200
201 201
203 204
204 204
208 208
208 209
209 209
210 211
212 212
213 213
213 214
214 215
217 218
218 218
219 219
220 220
222 223
223 223
224 224
225 226
227 227
228 228
228 228
230 230
230 231
232 232
234 234
235 235
237 237
237 237
237 238
239 241
241 241
241 241
241 242
242 242
242 243
243 244
245 245
246 247
247 248
249 249
249 250
251 251
251 252
253 253
254 254
255 256
256 256
256 258
259 261
261 261
262 262
262 262
263 263
264 265
266 267
268 268
268 268
268 271
272 273
274 274
275 276
276 276
276 276
277 277
279 280
280 281
282 282
283 284
284 285
286 286
287 288
288 288
289 289
290 290
291 292
293 294
295 295
295 296
297 297
297 298
298 300
301 301
302 303
304 304
304 304
304 306
308 309
310 311
312 312
313 313
314 316
317 317
319 320
320 320
