40 154
203 217
229 240
1 72
31 140
186 96
20 58
160 206
42 73
7 97
240 89
160 30
80 71
206 109
148 192
18 134
240 95
160 121
44 199
7 77
240 24
122 158
81 146
180 240
80 6
36 64
97 160
212 151
27 52
117 80
18 240
218 127
160 204
39 120
8 88
112 54
240 76
209 178
193 22
41 125
239 160
118 63
144 11
82 105
203 130
240 29
160 47
73 166
152 115
21 89
106 136
193 211
34 56
76 224
234 96
121 157
6 65
38 81
135 213
16 107
175 222
57 240
73 29
95 119
154 197
5 45
65 83
138 170
108 130
36 99
124 240
17 156
187 53
118 198
71 87
139 5
106 130
172 228
40 21
161 62
156 193
240 206
35 120
147 54
172 185
83 160
240 6
74 134
24 46
199 101
127 66
210 161
220 16
119 154
174 87
142 191
240 35
54 110
10 220
75 133
201 45
98 169
67 23
123 182
161 230
194 215
152 14
238 34
58 111
100 137
81 201
223 130
48 73
177 126
144 23
164 206
95 230
67 188
16 90
157 60
35 215
235 82
107 188
7 132
155 175
48 70
220 22
98 203
38 122
169 145
61 161
239 188
27 202
12 84
164 183
52 109
138 160
156 1
234 71
102 130
201 181
37 158
18 63
199 233
92 121
217 85
150 2
56 175
111 233
76 140
213 41
169 194
6 97
133 228
34 60
165 210
189 126
88 21
51 116
152 206
6 76
142 224
43 180
34 108
143 198
25 240
175 60
96 132
213 165
189 82
43 123
158 208
73 181
28 230
119 154
110 200
148 101
56 137
35 88
128 1
1 1
1 1
1 3
3 4
5 6
8 11
11 12
16 17
18 19
19 20
22 22
23 23
25 27
28 28
28 31
31 31
33 34
35 36
37 38
39 42
45 47
47 49
49 51
51 53
56 56
56 56
56 56
60 61
61 61
63 65
65 67
68 68
69 70
70 72
72 73
75 76
78 78
80 80
81 81
81 81
83 84
86 87
88 88
90 90
91 91
93 93
94 94
94 97
98 99
100 103
103 104
104 105
105 106
106 108
109 109
109 111
114 117
117 117
117 118
118 118
119 120
120 123
125 125
125 125
129 130
130 130
130 131
131 132
134 136
136 136
136 137
138 138
139 139
140 141
145 145
147 148
148 148
148 149
150 150
151 151
151 152
153 155
155 155
158 160
161 163
163 163
164 164
164 165
165 165
166 166
168 168
171 171
173 173
174 174
175 176
176 176
177 178
178 180
181 182
182 182
185 185
185 186
188 189
189 190
190 194
194 195
196 196
197 197
198 199
199 200
201 202
203 205
205 205
206 207
209 210
210 211
211 212
213 216
216 216
217 218
219 221
222 222
222 223
223 223
224 228
230 230
231 231
232 233
233 234
235 237
237 237
238 240
240 241
241 241
241 243
244 244
244 245
247 248
249 250
250 250
251 253
254 255
255 257
257 258
258 259
260 260
261 262
262 267
267 268
268 269
270 270
270 274
274 274
276 277
277 277
277 278
281 282
283 284
284 284
284 286
286 287
287 288
289 292
292 294
294 295
295 296
297 298
301 301
302 302
303 306
306 306
307 308
309 310
311 312
312 313
313 316
317 318
318 320
320 320
