40 86
94 112
149 181
191 10
80 140
240 35
69 160
1 185
115 151
53 80
16 72
157 89
1 55
145 28
80 240
160 44
70 92
20 114
11 80
130 240
32 221
203 235
173 1
47 68
154 119
112 81
138 16
198 35
240 57
75 99
125 161
30 5
65 41
111 23
85 208
132 175
189 101
220 240
230 36
153 51
71 91
1 105
9 29
84 141
181 192
209 219
59 131
161 172
240 1
103 77
151 32
51 10
91 116
67 195
168 135
23 80
105 240
61 160
1 40
122 185
96 116
31 11
49 66
137 227
85 170
240 104
23 154
160 80
205 145
58 118
17 36
113 172
184 240
10 31
137 159
50 133
79 210
70 99
126 220
1 41
19 236
62 119
154 191
84 143
109 221
12 201
133 31
51 103
169 5
71 97
240 183
231 122
162 175
169 221
41 65
88 188
195 239
18 152
115 83
138 110
202 224
99 55
9 30
80 130
178 103
145 126
207 231
71 165
45 190
93 120
19 158
64 218
88 237
190 11
57 132
156 176
106 31
80 240
223 2
205 97
122 170
45 146
236 68
189 18
204 35
161 59
83 138
163 108
23 80
11 49
130 101
69 159
236 201
219 32
121 13
60 91
150 176
83 235
25 53
110 141
215 170
195 45
105 74
132 230
10 211
37 165
190 96
1 56
30 126
207 152
87 115
224 16
46 180
73 2
35 39
199 142
240 106
174 29
20 213
56 94
131 165
189 9
207 233
79 120
158 38
181 229
69 153
200 23
58 117
108 147
135 51
98 168
1 6
190 85
139 214
240 36
75 130
158 25
63 106
227 15
201 176
51 119
94 147
42 217
239 83
20 73
164 1
1 1
1 1
1 1
4 4
5 6
7 8
10 11
12 13
13 14
16 18
19 21
24 25
26 26
28 29
29 31
32 32
34 35
37 39
41 42
42 43
43 44
44 46
47 47
48 49
50 52
53 54
55 55
56 56
57 58
58 59
60 61
63 64
66 66
67 67
69 70
70 70
71 71
71 72
73 76
77 77
78 79
80 81
81 81
81 81
81 82
84 85
85 85
85 85
86 87
88 92
93 93
94 94
94 95
95 99
100 101
101 101
101 102
103 104
105 105
105 106
108 111
113 113
113 113
113 114
115 116
117 118
118 118
120 120
123 124
124 125
125 128
128 129
129 130
130 130
131 133
133 134
135 136
136 136
138 140
140 141
141 142
142 143
143 146
146 148
148 149
149 151
153 153
153 154
156 156
156 156
157 157
158 158
158 160
160 161
161 161
161 162
162 163
164 165
168 168
169 169
169 171
172 173
173 173
173 174
175 176
177 177
178 179
179 182
182 183
183 186
186 187
187 188
188 191
192 193
193 193
193 194
195 196
196 199
200 201
203 204
204 205
205 205
206 206
208 208
210 210
213 215
215 215
216 217
218 219
220 221
223 225
225 226
227 228
230 230
232 232
232 232
233 236
237 238
240 240
240 240
241 241
243 243
244 246
246 247
247 248
248 249
250 253
253 254
254 255
257 258
258 259
260 261
261 263
265 266
266 266
267 267
268 268
270 272
273 274
275 275
275 275
278 279
279 280
281 281
283 283
284 286
286 287
288 288
288 290
291 293
295 295
295 296
296 296
298 298
299 300
301 302
304 305
306 308
308 308
309 310
311 312
312 313
314 315
316 316
317 320
320 320
