45 68
75 135
160 194
15 6
101 147
240 80
48 22
34 5
88 240
51 76
160 21
94 11
83 160
240 26
150 59
8 31
52 80
160 174
240 44
142 112
93 58
31 160
7 51
138 77
219 239
64 101
38 15
87 81
148 160
50 130
5 115
171 215
71 80
184 223
23 66
1 93
240 57
160 183
81 133
151 213
11 31
113 222
72 184
240 44
200 1
160 18
92 137
221 58
33 110
77 8
240 47
128 160
20 63
95 240
187 38
58 170
203 78
113 182
231 28
102 160
240 97
149 9
46 88
61 223
115 128
1 55
80 103
160 229
154 76
240 26
165 69
22 42
13 117
136 98
61 89
165 6
146 209
228 28
52 240
76 160
113 15
221 46
119 176
238 80
128 199
105 113
40 139
161 66
184 15
97 8
209 147
169 81
192 54
123 238
43 74
152 89
177 23
47 70
109 1
199 135
240 15
64 104
160 182
38 80
135 207
32 100
121 8
76 51
192 161
240 2
94 150
24 181
210 115
134 90
238 67
41 150
197 13
108 214
83 161
4 53
197 235
25 75
181 104
146 164
46 14
197 237
66 121
82 216
180 37
6 160
233 140
29 87
116 57
215 175
195 156
1 78
111 135
20 232
213 43
152 72
190 99
169 4
40 62
126 161
232 34
81 144
185 120
21 89
54 160
226 135
111 78
178 42
153 5
127 175
71 200
223 27
147 100
65 17
192 95
56 7
218 237
83 116
138 46
160 87
187 79
1 33
232 78
106 24
173 207
62 148
6 42
55 124
161 225
1 1
1 1
1 1
2 3
3 5
6 10
11 13
18 20
20 20
23 23
23 25
28 30
33 34
34 35
35 43
44 45
46 46
47 48
48 49
49 51
55 57
59 59
60 60
60 61
61 65
66 67
68 69
71 72
73 73
75 75
76 76
76 76
77 79
80 80
81 81
82 82
82 84
85 85
86 86
86 87
88 88
90 90
92 93
94 96
96 97
97 98
98 99
101 102
104 104
106 107
107 109
109 111
112 112
112 112
114 115
116 117
119 120
120 120
122 123
123 123
123 124
124 125
125 129
131 131
132 133
136 136
136 136
136 137
138 139
139 141
141 142
145 145
147 147
147 148
149 151
151 153
153 153
153 156
156 156
157 157
158 160
160 161
161 161
161 162
162 162
164 164
165 165
165 166
166 167
169 171
172 173
173 174
176 177
178 178
180 180
181 182
182 183
183 183
183 184
185 186
186 190
191 191
191 192
193 194
195 196
198 198
198 199
200 203
203 204
204 205
205 205
206 208
208 209
210 211
211 212
213 213
214 217
221 221
222 222
225 225
227 227
229 229
230 231
231 232
233 236
237 237
238 238
240 240
241 243
244 244
245 246
247 247
248 249
250 251
251 252
253 254
255 255
256 257
258 261
261 263
263 264
264 266
267 268
268 268
268 270
270 272
272 275
276 276
278 279
281 282
283 284
285 286
286 288
290 290
291 291
292 293
293 295
298 299
299 300
301 302
302 302
303 304
304 306
306 307
307 308
309 310
311 314
314 315
315 315
316 318
320 320
320 320
320 320
