42 82
135 142
199 227
240 80
24 115
162 174
63 102
147 14
91 240
7 48
133 75
122 180
31 112
62 164
98 142
240 11
127 220
233 2
39 73
116 161
107 155
145 20
202 133
220 234
11 47
161 111
1 36
65 96
149 24
203 178
190 81
211 238
127 45
74 111
165 5
151 98
30 58
215 203
87 228
240 80
10 43
18 66
103 145
157 166
235 95
139 214
240 56
127 226
200 4
188 115
77 173
45 158
69 21
100 37
144 131
240 123
181 217
87 230
112 171
74 80
9 151
139 45
100 65
206 84
218 160
27 148
232 240
52 114
75 100
135 39
61 185
193 85
169 204
117 158
215 5
240 106
23 48
132 69
95 234
175 120
160 186
84 147
199 55
4 214
25 105
78 224
67 240
43 175
151 165
136 197
83 54
117 8
29 75
101 221
144 160
229 240
174 17
37 61
124 188
52 81
202 27
111 72
213 44
62 95
138 171
1 160
21 153
131 182
193 237
116 78
33 53
205 11
160 103
154 93
172 65
182 21
134 234
195 3
41 113
77 203
53 11
159 142
173 131
98 215
67 240
40 185
21 83
122 196
58 1
116 148
226 77
160 33
99 176
232 240
27 47
10 66
190 90
133 123
142 155
1 40
222 199
167 80
18 106
232 75
179 45
99 136
213 28
147 122
9 39
161 60
197 31
86 223
172 1
82 182
22 98
117 139
16 45
195 238
154 70
108 95
163 182
206 10
132 31
56 84
138 146
123 194
23 51
1 216
76 157
177 114
235 44
200 98
70 164
185 225
92 13
139 62
86 105
208 30
125 169
230 192
52 80
1 150
214 73
118 22
96 46
147 179
198 152
15 65
91 114
237 136
221 37
151 182
54 207
80 165
3 104
129 25
195 225
164 15
97 212
39 64
123 196
228 4
87 142
162 181
57 24
116 210
1 1
1 1
5 5
6 7
8 8
8 9
10 12
13 14
15 15
16 16
17 20
20 23
25 25
26 26
27 29
29 32
33 33
33 35
37 37
37 38
40 43
44 45
45 46
46 46
49 49
52 53
54 54
55 56
56 59
59 60
60 61
61 61
62 63
64 67
68 70
70 71
73 74
74 75
76 76
76 79
80 80
81 81
81 81
81 81
81 85
85 85
86 87
87 87
88 89
89 90
91 91
92 93
94 95
95 96
96 99
99 100
100 100
101 101
102 102
103 103
104 104
105 106
107 109
110 111
112 113
114 114
114 114
115 115
116 117
118 120
120 121
121 122
122 122
123 123
124 125
125 127
128 128
129 130
130 130
132 133
134 134
135 135
135 136
138 138
139 139
140 140
142 142
143 144
145 145
146 146
148 149
149 151
151 151
153 153
156 156
156 156
157 158
158 158
160 160
161 161
163 164
164 165
165 168
169 169
169 169
170 170
171 171
172 172
173 174
175 176
177 177
177 178
179 180
182 183
183 184
184 185
185 185
186 187
187 189
191 191
192 193
193 194
195 196
197 197
198 199
200 200
201 201
201 202
203 204
204 204
204 205
205 208
210 210
210 210
211 211
212 213
213 214
214 215
215 216
217 217
217 218
219 220
221 221
222 224
224 226
226 226
226 227
227 228
230 231
231 232
232 233
233 233
234 237
237 237
238 240
240 240
241 241
241 241
242 243
245 247
247 247
249 250
250 252
252 253
254 254
255 255
257 257
258 258
259 259
259 260
261 262
262 263
264 266
267 267
268 269
270 271
271 271
271 274
274 275
275 276
277 277
279 279
279 281
281 282
282 283
283 284
285 287
288 288
288 288
288 289
289 290
294 296
297 297
298 298
299 299
299 300
301 301
305 307
308 308
309 310
310 312
313 315
315 315
315 315
317 318
318 320
