89 138
149 38
77 122
66 23
108 240
49 96
180 168
155 6
87 36
139 73
116 240
60 208
102 160
194 13
48 90
81 129
31 119
240 175
194 60
107 208
164 234
21 135
85 10
40 71
112 1
177 28
164 199
152 101
184 213
20 226
49 239
85 139
124 73
5 32
188 108
176 61
202 215
160 53
150 240
77 18
140 41
70 187
13 30
173 199
3 154
161 211
146 19
52 89
228 131
44 236
12 74
117 33
104 154
190 96
203 61
85 144
220 48
125 19
112 73
40 163
240 179
58 134
205 1
26 87
121 49
220 74
109 13
36 240
158 166
233 142
177 59
131 91
188 1
195 23
80 208
216 105
44 69
148 93
159 5
120 135
173 29
233 240
58 187
197 80
18 42
160 125
171 110
139 240
29 57
91 3
49 195
76 203
119 148
240 35
214 12
61 163
234 99
223 176
234 187
86 1
191 19
146 239
37 69
113 135
156 128
168 212
106 56
92 180
224 8
28 1
194 49
79 235
129 147
158 209
41 69
109 170
217 16
89 179
28 53
135 158
240 118
148 190
232 1
107 74
216 161
42 15
172 59
64 98
201 34
124 53
92 136
228 160
208 240
183 74
1 23
166 42
109 67
132 198
99 120
16 176
225 144
56 83
156 51
189 3
123 240
21 76
161 218
99 112
174 138
15 200
36 149
6 63
223 159
57 112
233 94
172 21
80 131
213 46
203 225
42 83
140 159
71 183
109 7
32 60
115 123
171 229
100 1
193 240
212 134
155 91
177 232
20 75
46 141
202 219
162 240
67 185
116 38
62 81
207 5
102 146
170 28
56 192
128 95
72 21
124 156
175 230
214 41
90 128
67 198
112 13
81 240
128 159
184 29
56 105
143 80
1 173
202 141
231 160
189 73
14 99
40 81
174 205
118 138
63 158
1 32
92 188
235 136
171 160
240 227
53 22
71 82
154 1
1 1
2 4
5 7
8 9
9 12
12 13
14 15
16 17
18 18
20 22
23 25
25 26
26 26
29 29
29 32
35 36
36 37
38 38
39 39
39 40
40 41
44 45
46 47
49 49
51 51
52 52
52 53
54 54
54 55
55 57
57 59
61 62
63 65
66 66
67 67
68 68
68 70
71 71
71 73
74 74
75 77
77 80
80 80
80 81
81 81
81 83
84 84
84 84
86 87
87 88
88 88
92 92
92 92
93 93
94 95
95 96
97 97
98 98
100 102
102 102
103 105
106 106
107 108
108 108
109 110
111 112
113 113
113 114
114 114
115 115
116 116
117 117
118 119
121 121
122 122
123 124
124 125
127 127
128 128
128 128
129 129
129 130
130 132
134 136
136 136
139 139
140 140
141 143
143 143
144 146
146 148
149 150
151 151
152 152
153 153
153 153
155 155
156 156
158 160
161 162
163 163
163 164
164 164
164 164
165 166
166 167
170 170
170 170
172 172
174 174
175 175
176 177
177 177
178 179
179 180
181 181
182 184
184 187
187 188
188 188
189 189
190 190
191 191
192 192
193 194
195 196
197 197
197 198
199 199
200 200
200 200
202 203
203 204
205 206
207 207
209 209
210 210
210 211
211 212
212 212
214 216
216 218
220 220
221 221
221 222
222 222
222 223
223 225
226 227
227 228
228 229
229 229
231 233
234 234
235 235
237 237
237 238
240 240
240 241
241 242
242 243
243 245
248 248
249 250
250 250
250 251
252 252
252 253
254 254
256 256
257 258
259 260
261 261
261 262
263 264
265 266
267 267
267 269
270 270
270 271
273 274
274 275
277 278
279 279
279 279
279 281
283 283
283 284
284 285
286 287
288 290
291 292
293 294
294 294
295 296
296 296
300 300
301 302
303 305
305 306
307 307
307 310
310 311
311 314
314 314
314 314
316 316
317 317
318 319
320 320
320 320
