44 104
112 180
189 197
210 157
97 81
144 9
17 80
160 132
190 235
215 48
107 35
80 24
66 54
152 8
212 139
126 112
45 97
31 82
240 74
228 18
152 166
60 194
116 6
49 212
220 240
40 230
87 77
133 65
152 166
18 123
192 1
94 44
240 81
230 29
135 122
157 110
142 171
59 184
7 197
1 209
43 114
97 218
160 239
30 82
227 58
66 126
134 146
19 160
172 240
118 183
108 198
1 11
81 36
98 209
28 70
146 220
131 157
240 119
233 104
10 47
186 89
2 194
32 82
75 206
62 112
148 161
19 55
45 102
221 83
178 240
5 71
233 32
122 137
199 160
149 16
92 211
46 79
8 178
33 67
240 116
124 191
100 136
18 81
89 49
146 153
206 39
166 174
64 2
28 106
221 117
131 240
52 78
93 191
228 16
145 156
38 207
1 169
129 219
83 97
69 186
16 50
160 237
153 8
198 2
215 35
162 78
92 107
224 173
21 121
240 193
58 135
181 199
160 44
6 104
197 28
72 94
115 87
161 127
170 65
229 240
183 139
15 51
152 160
8 38
88 106
194 82
116 168
28 240
1 69
129 176
207 138
160 48
12 94
161 77
107 191
150 66
175 33
120 224
2 204
240 132
24 58
160 18
84 95
188 51
13 167
111 198
34 126
230 69
157 1
27 59
79 91
135 184
240 103
211 168
16 43
115 149
11 222
83 177
36 72
160 59
230 239
133 98
143 166
183 198
109 239
23 211
161 182
119 81
193 18
72 132
219 54
174 91
160 199
228 7
43 119
100 32
143 209
234 69
84 131
189 240
21 76
60 153
94 115
172 205
160 138
52 192
36 8
179 214
101 123
163 28
77 146
1 24
42 185
168 201
106 222
63 130
152 17
89 226
208 57
34 191
86 116
136 175
89 159
234 2
52 28
74 216
121 145
237 104
17 67
42 134
163 224
192 102
123 150
35 161
235 2
51 61
135 1
1 1
1 1
1 1
3 4
5 5
9 9
10 12
13 13
13 14
15 16
19 20
22 24
26 26
27 27
28 29
30 32
33 34
35 35
36 37
40 40
40 41
41 42
43 44
44 45
46 47
47 50
51 52
53 53
53 54
54 55
59 59
60 60
62 62
63 65
66 66
67 68
68 69
69 71
71 73
73 74
74 75
75 76
76 77
77 77
81 81
81 81
81 82
82 82
82 84
84 85
85 86
86 87
88 88
90 92
92 92
92 94
94 94
95 96
97 98
98 99
100 101
101 102
102 103
105 106
106 106
107 108
108 109
109 109
110 110
110 112
113 113
114 116
116 116
117 118
119 120
121 122
122 124
124 125
126 126
128 128
128 129
129 130
130 130
131 131
132 134
135 136
136 137
138 139
139 139
140 141
141 142
142 142
142 142
144 144
145 148
148 150
150 152
152 153
153 154
154 157
157 157
157 158
160 160
161 161
162 162
164 164
164 165
166 167
167 167
168 169
169 169
169 172
173 174
177 177
178 178
178 178
179 179
180 180
181 181
182 183
184 185
185 187
187 189
189 190
190 190
191 191
191 193
193 194
194 194
195 197
198 198
199 201
202 202
203 203
203 204
205 205
207 207
207 208
209 209
210 211
211 211
212 213
213 213
214 215
216 217
218 220
221 221
223 223
224 224
224 224
224 225
226 226
227 227
228 230
230 232
233 234
234 235
235 236
236 236
237 237
237 239
240 240
240 240
240 242
242 243
243 244
244 245
246 247
248 248
248 248
249 249
250 251
252 253
254 254
255 256
257 257
257 258
259 263
263 263
263 264
264 265
266 267
267 267
267 268
269 270
270 273
274 274
274 275
275 275
278 279
279 281
281 281
281 282
282 283
283 284
284 287
288 288
289 290
291 292
292 293
293 293
295 297
297 297
298 298
299 299
301 304
305 305
307 308
308 309
309 309
312 313
314 314
316 317
317 317
320 320
320 320
