124 143
160 235
85 63
73 16
225 182
207 34
160 111
1 172
150 234
22 12
220 108
38 160
1 79
85 27
159 240
207 42
9 80
34 160
22 70
59 50
107 44
9 179
1 219
28 96
147 160
170 237
127 80
106 16
51 115
8 38
174 121
236 98
26 2
193 208
67 180
54 128
147 112
240 74
20 82
161 46
134 37
154 213
165 14
183 229
100 144
32 6
88 122
53 174
232 24
1 125
191 19
72 108
150 233
40 65
131 207
77 13
173 136
32 92
158 194
237 125
221 178
7 47
108 207
79 25
140 240
154 60
43 91
195 126
58 107
157 75
177 141
240 34
195 90
124 210
226 72
105 177
140 195
11 122
50 156
212 227
26 69
86 196
100 139
45 122
2 81
18 156
174 81
61 100
121 196
35 234
177 158
9 207
119 137
53 78
27 155
191 95
51 1
72 134
206 113
152 21
43 238
220 190
41 93
112 131
12 66
170 34
150 205
60 82
5 188
126 29
145 53
105 22
78 51
166 184
17 97
140 70
116 225
240 91
184 1
114 137
39 61
8 197
222 30
106 176
81 54
128 1
24 76
234 169
146 161
20 191
1 70
96 120
46 141
41 66
91 226
160 12
34 111
83 203
5 30
129 104
161 54
148 27
177 1
73 214
45 94
119 190
86 205
165 62
7 108
36 181
160 27
52 99
126 95
121 62
87 171
43 20
82 142
161 78
136 55
108 13
41 33
131 2
26 80
1 1
1 1
2 3
3 5
5 6
7 8
10 11
12 12
14 14
15 18
18 19
20 20
24 24
25 26
27 27
29 30
33 33
34 38
39 39
41 42
43 44
45 45
49 49
50 51
52 53
53 53
54 56
56 57
58 60
61 61
62 65
65 66
68 69
69 69
70 71
72 72
72 73
73 74
76 77
77 78
78 80
81 81
82 83
83 83
84 84
86 87
89 89
90 90
90 91
95 96
97 98
98 100
100 101
102 103
103 104
105 107
107 108
110 110
111 111
111 113
113 115
116 116
116 117
118 119
119 119
120 121
122 123
124 125
127 127
128 130
130 131
131 134
134 135
136 137
139 140
140 140
141 141
142 143
144 144
146 147
148 148
148 148
149 149
150 152
153 153
158 158
158 160
161 161
162 164
165 166
167 168
170 170
171 171
172 172
176 176
176 177
180 181
182 182
182 184
184 185
185 185
186 188
189 190
191 191
193 193
193 197
197 198
199 199
200 201
202 203
204 206
207 208
210 211
211 213
216 216
217 218
219 221
221 224
224 225
225 225
226 226
227 229
230 232
233 233
234 235
235 236
237 237
238 240
241 242
243 243
244 245
245 246
247 248
250 250
251 251
252 253
256 256
259 259
260 260
262 263
263 264
265 266
266 267
268 270
273 273
273 274
278 279
280 281
282 282
284 285
286 288
288 289
289 292
292 294
294 294
295 298
299 299
299 300
300 301
303 304
305 306
306 308
313 316
