13 37
154 236
160 74
1 26
100 240
54 63
47 204
13 80
100 32
240 151
1 109
55 21
119 41
240 13
179 125
101 30
71 7
58 132
114 78
197 150
184 85
213 24
235 50
137 41
18 103
156 169
36 11
56 80
92 109
126 217
234 29
177 128
1 75
24 112
236 153
194 44
134 80
1 139
19 175
237 37
95 160
66 133
13 51
111 181
195 80
30 143
223 240
64 157
48 94
209 129
109 63
197 240
6 78
159 179
93 40
127 210
1 196
76 108
142 124
179 211
55 18
196 227
73 89
103 33
140 51
124 196
212 228
70 11
140 158
50 87
103 26
175 66
124 7
216 229
42 196
159 177
104 121
139 83
60 78
208 155
98 235
35 191
58 160
77 135
116 12
153 206
30 51
239 97
49 93
133 190
220 115
71 171
4 22
234 150
43 87
67 128
205 218
17 188
238 147
170 39
108 161
61 33
83 231
167 214
59 10
184 101
141 28
77 120
200 1
54 97
213 117
139 183
49 20
69 197
110 177
222 41
88 131
240 11
63 36
153 171
235 1
107 81
214 33
102 192
124 144
161 15
56 173
75 98
52 160
229 26
117 188
46 136
160 91
1 69
20 43
134 110
203 165
65 152
40 180
83 12
219 240
36 124
102 160
58 194
79 234
35 143
7 169
212 74
115 92
137 187
23 51
1 205
66 227
43 110
134 13
81 106
128 178
60 76
153 198
219 38
240 9
93 68
191 215
1 161
30 119
51 142
211 185
20 81
227 77
159 49
181 203
6 13
41 240
148 62
215 141
170 30
189 21
161 134
184 206
240 37
47 57
69 75
91 99
109 177
197 1
1 1
1 2
3 4
5 5
5 6
6 10
10 12
15 15
16 17
18 19
21 22
23 24
26 26
28 29
30 31
33 33
35 36
36 37
38 38
39 39
40 40
41 42
43 43
44 48
48 48
48 51
53 54
54 54
54 54
54 55
57 58
61 62
62 63
64 64
65 66
67 67
70 71
73 74
74 75
76 76
77 78
78 81
81 81
81 81
82 85
85 85
85 86
86 88
88 88
91 92
93 94
94 95
95 95
98 100
101 101
101 102
104 106
106 108
109 109
109 110
111 112
112 114
115 115
116 116
118 118
119 119
120 121
123 124
126 127
127 127
128 128
129 130
131 131
132 134
136 137
137 138
138 139
141 142
143 144
145 146
146 147
148 149
149 151
151 153
154 154
155 157
157 157
160 161
161 161
161 161
162 164
164 165
166 166
168 170
170 171
173 173
174 175
175 175
176 176
177 178
178 179
182 183
183 184
184 185
187 187
189 190
192 192
192 195
196 196
198 198
199 199
200 203
205 206
207 208
209 209
210 210
210 210
211 212
216 216
217 218
219 220
221 221
222 222
222 223
224 224
226 226
228 229
229 230
231 231
233 234
235 237
237 237
238 240
240 242
242 242
243 243
244 245
245 247
247 249
250 251
251 253
253 254
254 255
255 256
258 259
260 261
261 261
263 264
265 267
267 268
268 269
270 271
271 272
272 273
276 276
276 276
276 277
279 279
279 280
282 282
283 284
286 286
286 287
287 288
288 290
290 291
292 294
294 296
297 297
298 298
298 302
303 303
303 304
306 306
307 307
308 309
313 313
314 314
314 316
320 320
320 320
320 320
320 320
320 320
