1 5
39 58
66 95
121 138
154 164
20 113
131 233
240 105
80 10
49 26
141 93
68 121
130 40
114 80
240 3
19 53
99 166
31 66
198 218
121 9
87 160
240 185
44 108
60 79
22 191
1 95
55 136
38 73
123 235
197 144
181 89
216 16
151 49
30 115
240 106
203 64
83 168
7 41
222 236
100 23
58 76
122 157
173 240
191 93
2 38
18 51
193 88
160 176
14 108
218 240
31 198
145 66
11 45
82 123
203 24
100 160
129 240
192 225
60 116
175 5
146 21
80 94
41 128
207 111
158 220
53 16
193 126
173 70
142 32
223 87
48 103
156 66
8 190
29 171
139 188
206 42
60 118
82 6
23 136
153 38
166 96
204 57
114 187
18 1
133 75
204 33
150 51
90 113
167 222
129 238
12 71
29 47
105 168
222 184
240 8
202 145
62 123
39 161
218 99
80 53
121 140
198 1
17 76
179 237
216 94
115 160
240 177
196 9
29 48
134 68
86 233
213 107
150 130
23 41
64 3
191 81
209 102
233 59
124 171
34 96
146 209
122 229
11 74
51 28
164 204
92 140
182 2
43 65
117 20
159 180
201 112
240 57
84 35
132 173
75 105
150 8
193 240
81 126
100 26
47 215
233 169
96 143
164 186
18 60
210 78
120 34
54 138
161 236
203 53
73 222
8 89
136 179
109 154
199 132
1 66
45 84
106 196
172 18
128 227
39 214
103 240
145 55
75 31
99 164
186 120
219 141
47 4
98 17
158 70
205 136
230 38
177 155
86 199
114 7
63 149
128 172
1 28
53 107
196 76
143 168
190 240
137 215
15 101
35 156
212 5
64 130
93 1
182 203
22 83
48 41
111 139
240 194
17 32
68 103
14 210
237 5
203 50
231 159
84 90
175 223
1 1
1 1
1 1
1 1
1 1
2 3
4 4
5 6
7 8
8 11
11 12
13 13
13 14
17 18
18 19
21 22
22 22
23 25
26 26
28 29
29 29
30 31
32 32
33 34
36 36
39 39
40 40
41 42
42 42
44 45
45 46
46 47
47 48
49 49
49 50
50 51
54 55
56 56
56 56
57 58
59 59
60 60
60 60
61 62
65 65
66 68
68 69
69 71
72 73
73 74
75 75
76 77
80 80
80 81
81 82
82 82
83 83
84 85
86 87
87 88
89 91
91 91
92 92
92 94
94 94
95 98
98 99
99 101
102 103
103 104
107 107
107 108
109 109
110 112
113 116
116 117
117 117
118 120
120 121
121 122
122 123
123 125
125 126
127 128
128 129
131 132
133 134
134 134
134 135
136 136
137 137
140 141
141 145
145 146
146 147
147 148
149 149
151 153
153 154
156 157
158 158
160 161
161 161
161 161
163 164
164 167
167 169
169 171
171 171
171 172
173 173
177 178
178 179
180 180
180 181
181 182
184 185
185 186
186 186
189 190
190 190
192 193
194 194
196 197
197 199
200 200
200 202
202 203
204 206
207 207
208 211
211 213
213 214
214 216
217 218
218 219
219 219
221 221
224 225
225 226
227 229
230 230
230 232
233 233
233 234
234 237
237 237
237 238
240 241
241 241
242 242
242 244
245 247
247 248
249 249
250 251
251 251
252 253
254 254
255 255
256 257
258 259
259 261
262 263
263 264
264 265
266 267
268 269
269 270
270 272
272 273
273 275
276 276
277 278
278 280
281 281
282 282
282 282
283 285
285 285
286 287
288 289
290 291
293 293
293 295
295 295
296 298
298 300
301 302
304 306
306 306
306 308
309 310
310 312
313 313
313 316
316 317
317 319
320 320
320 320
