18 40
73 81
179 160
240 31
63 142
184 101
4 51
119 150
18 83
128 191
240 97
78 39
226 138
157 31
11 62
196 144
6 51
25 90
150 215
77 97
169 1
105 151
44 134
17 65
70 188
123 38
205 234
168 11
55 30
222 85
145 77
128 113
23 49
3 148
240 73
172 42
96 116
212 130
1 64
89 18
81 100
227 131
158 195
36 179
54 116
215 11
84 148
70 131
178 162
228 49
100 176
198 31
6 66
83 115
25 214
130 21
179 198
39 79
97 162
215 18
57 111
146 128
230 94
160 53
198 144
178 10
34 72
90 109
215 49
123 160
6 142
67 26
81 1
177 61
194 199
105 156
41 122
231 84
141 102
214 58
196 178
121 140
157 11
100 228
75 176
156 117
136 50
240 73
93 193
25 114
134 173
3 45
66 239
116 152
132 110
190 19
86 3
36 130
155 169
104 161
83 206
237 31
190 53
76 127
165 8
223 100
144 186
49 45
73 23
203 1
160 80
119 238
67 94
138 41
15 114
67 136
203 157
179 88
63 217
8 84
196 229
31 240
56 104
127 150
23 77
173 51
192 99
240 124
213 234
119 142
163 97
29 71
10 45
192 115
91 160
5 134
207 42
88 61
155 108
85 38
183 223
36 59
126 82
148 171
198 20
58 76
100 145
161 239
30 9
142 176
214 52
119 75
96 24
160 2
113 188
48 137
230 25
91 111
207 42
229 69
153 38
84 9
125 148
199 174
40 220
80 240
3 91
170 28
60 113
212 141
133 162
51 78
156 42
99 179
9 71
33 80
1 171
28 160
240 1
1 1
1 1
2 2
5 5
5 7
8 10
10 11
12 13
13 14
14 14
15 16
17 17
18 19
21 22
22 22
25 27
27 29
30 30
31 33
33 33
36 36
36 37
38 39
40 40
41 43
44 44
45 46
47 47
48 48
49 49
50 50
52 53
53 55
56 57
58 58
59 59
59 59
60 63
63 64
65 66
66 66
68 68
68 70
71 72
72 73
74 74
74 77
77 78
80 80
81 81
81 81
82 83
84 84
84 85
86 87
90 90
92 93
93 93
93 96
97 97
97 97
100 100
102 102
103 103
104 105
106 106
106 110
110 110
111 111
112 113
114 116
117 117
120 120
121 121
121 122
122 123
123 123
124 125
127 128
129 130
131 133
133 133
135 135
135 137
139 140
141 141
142 142
145 145
146 147
147 148
148 149
151 151
153 155
155 156
157 157
158 158
161 161
161 161
162 164
164 165
166 166
169 169
171 172
172 172
173 174
175 175
175 176
177 178
180 180
181 182
183 183
183 184
185 186
187 189
190 191
191 191
192 192
194 196
198 199
199 200
200 201
201 203
203 203
203 204
207 208
209 209
210 211
212 213
213 214
214 214
216 218
219 220
220 220
221 222
224 225
226 226
227 227
230 230
231 232
233 235
235 236
236 236
237 237
237 238
240 241
241 242
242 242
243 244
246 246
246 246
247 247
248 248
250 252
253 253
253 254
254 254
257 257
259 259
260 260
263 264
265 266
269 269
269 269
270 271
271 272
274 275
276 276
277 278
278 279
280 284
284 286
287 287
291 291
291 292
294 295
295 296
296 300
316 316
