3 53
91 125
168 113
160 16
66 240
32 147
179 210
80 44
158 188
59 99
131 240
9 217
24 122
56 72
92 204
36 3
67 110
86 149
50 210
136 156
14 104
165 28
61 211
194 44
130 78
124 10
160 98
182 57
22 37
115 72
91 145
204 136
172 109
1 52
16 84
207 32
65 132
102 155
175 189
230 27
123 148
12 44
80 159
58 189
216 26
96 38
237 114
143 5
72 206
130 190
20 160
35 219
236 54
109 92
142 67
125 86
1 31
206 188
83 236
12 45
99 138
156 219
117 170
204 23
79 42
186 7
153 219
201 56
132 235
20 73
95 36
167 149
181 1
51 110
217 161
69 200
32 128
14 88
240 233
46 64
213 163
103 180
143 199
25 80
42 60
119 7
235 179
197 214
160 22
37 74
136 52
232 213
111 175
193 1
133 152
172 29
46 88
191 229
66 9
106 127
23 174
209 169
189 123
42 61
146 22
81 98
225 236
162 142
36 119
53 203
17 93
114 137
184 70
222 8
47 159
106 240
134 24
85 199
62 177
3 40
217 128
153 195
103 240
16 55
77 128
193 33
213 170
236 123
94 8
47 69
143 117
163 185
207 85
21 138
227 1
111 58
38 182
156 199
219 12
32 223
90 131
71 106
173 127
26 47
66 215
234 148
4 191
102 23
186 121
212 81
166 99
144 1
209 17
59 119
96 184
240 227
32 79
140 51
117 159
201 9
117 222
89 68
44 199
232 111
177 7
83 134
154 1
61 111
170 218
20 32
84 149
190 169
53 101
127 21
96 210
142 230
44 68
158 182
204 98
230 6
90 152
61 3
117 226
32 81
170 53
145 189
108 218
240 22
135 160
14 99
66 190
235 156
128 58
34 55
226 120
80 86
219 188
166 68
26 240
214 101
160 134
201 75
118 54
170 194
106 161
83 92
145 1
1 1
1 1
4 4
5 5
5 6
6 6
7 8
9 9
9 12
12 12
13 14
14 15
16 17
17 17
19 20
21 22
22 24
24 25
25 26
26 28
30 30
31 31
31 32
33 33
34 34
36 37
38 38
40 41
41 41
43 43
43 43
44 46
47 48
49 50
50 50
51 51
52 53
53 53
54 54
57 57
57 59
59 60
60 62
62 62
63 64
66 66
67 68
69 69
69 71
71 72
73 74
74 74
75 75
76 77
78 78
80 81
81 81
82 85
85 86
87 87
87 87
87 91
91 91
92 92
93 94
95 96
97 99
100 100
100 101
101 101
102 104
105 105
106 106
106 107
108 109
109 110
110 112
113 114
115 116
116 116
117 118
118 119
120 121
121 123
125 125
126 126
128 128
129 130
131 131
131 132
134 135
136 137
137 137
140 140
141 142
143 143
143 144
144 145
147 147
147 150
150 151
152 152
153 154
154 154
155 155
158 158
158 160
161 162
162 163
163 164
165 168
168 168
169 170
172 172
172 174
174 175
177 177
177 178
179 180
180 180
181 182
182 184
184 185
185 186
188 188
189 189
190 192
194 195
196 196
196 196
200 200
200 200
201 202
203 203
205 207
208 209
210 212
212 212
215 215
215 216
216 217
218 219
220 221
221 221
221 221
223 224
224 225
226 226
227 227
229 229
230 230
231 232
233 233
233 234
234 234
235 236
236 236
237 238
239 240
241 241
241 242
243 244
244 244
245 245
246 246
246 246
250 250
250 251
251 252
253 253
255 255
256 257
260 260
262 262
262 263
263 265
266 266
266 267
268 268
269 270
270 271
273 274
274 275
276 276
278 278
281 282
282 282
283 284
284 287
287 288
288 288
289 290
291 294
294 294
295 296
296 298
299 301
302 303
303 304
306 307
311 312
313 313
314 314
317 318
319 320
320 320
