2 49
67 86
157 179
204 14
104 127
28 77
240 148
116 227
191 6
40 56
90 135
203 108
167 68
235 212
160 1
33 83
123 155
16 49
240 80
145 96
116 27
60 9
91 133
110 172
74 233
159 179
38 85
188 52
234 2
217 67
153 17
101 147
121 205
46 60
80 137
95 114
167 193
227 158
132 7
75 40
23 55
230 88
107 155
240 125
177 197
212 146
171 2
51 18
67 36
161 103
182 82
212 238
16 49
120 62
197 137
166 228
96 43
153 213
26 12
59 181
197 115
132 240
41 78
165 148
91 109
228 54
211 21
1 106
36 178
69 122
161 140
192 226
15 47
103 66
209 31
176 240
137 224
80 44
155 97
119 60
190 7
173 133
204 25
75 240
93 223
151 56
5 38
112 21
70 88
187 236
150 203
167 126
49 222
18 66
1 84
142 31
202 220
237 15
61 182
45 98
159 118
77 236
199 216
135 157
176 11
196 54
112 214
23 90
34 130
151 48
197 232
192 213
5 24
46 66
85 147
170 62
105 123
210 186
166 61
143 41
78 226
14 117
138 160
208 95
11 33
71 182
131 8
157 48
110 223
86 201
27 65
239 152
177 218
127 4
41 79
21 102
144 152
217 58
237 194
172 14
148 119
32 93
167 72
141 208
230 109
186 9
46 162
24 135
63 83
206 1
180 132
222 36
14 56
114 155
96 130
72 151
197 51
6 90
172 29
215 126
47 145
236 190
123 168
234 20
41 83
121 144
187 164
208 57
76 141
9 183
34 225
114 92
68 2
136 201
31 107
158 25
178 86
240 44
135 195
57 108
173 215
78 193
125 152
10 46
121 234
166 68
92 182
34 206
228 1
7 122
115 175
136 161
26 85
143 175
56 195
160 77
169 223
214 132
48 159
90 123
35 214
181 210
235 82
152 58
79 143
110 73
161 194
212 189
50 92
240 126
160 187
240 59
78 91
98 106
114 142
151 173
194 226
1 1
1 1
1 1
1 2
4 4
6 6
6 7
8 8
9 11
11 12
12 12
13 14
14 15
15 16
17 19
19 19
19 19
20 21
22 23
23 24
24 27
27 29
29 29
31 31
32 32
33 33
34 37
37 38
38 39
39 40
40 41
41 41
44 44
47 48
48 48
49 49
49 49
50 51
53 54
55 56
57 57
57 58
58 58
58 59
59 59
61 63
63 64
64 65
65 66
66 67
67 69
69 69
70 70
71 72
72 73
74 75
76 78
78 78
80 81
81 81
81 82
82 82
83 83
83 84
85 86
86 88
88 89
90 92
93 93
94 94
94 97
97 97
99 99
99 100
101 102
103 103
105 105
106 107
107 108
108 110
110 111
111 112
112 113
113 113
115 115
116 117
118 118
120 121
122 123
123 123
124 124
125 126
127 127
128 130
131 131
131 132
134 135
135 136
137 137
138 138
138 140
141 142
143 143
144 147
147 149
149 150
150 150
151 152
154 154
154 157
157 157
158 158
160 161
161 161
161 161
161 162
162 164
164 167
168 169
169 170
170 170
171 172
175 175
175 176
177 179
179 179
181 182
182 184
184 184
185 186
187 187
187 189
189 189
190 192
192 192
193 193
193 195
195 196
196 197
198 200
201 202
203 203
203 204
207 207
207 208
208 209
209 210
212 214
215 215
217 218
219 220
220 222
223 223
223 223
224 225
227 227
227 228
229 229
230 231
231 232
233 234
235 236
237 237
240 241
241 241
241 241
241 243
243 244
244 245
247 247
248 248
249 250
251 252
252 252
253 253
254 255
256 257
257 258
258 258
260 260
262 263
264 264
267 267
268 269
269 269
270 273
273 273
274 274
274 275
275 275
277 277
278 278
279 279
279 280
283 283
284 285
285 287
288 289
290 291
294 294
295 295
296 296
296 298
298 300
301 301
303 304
305 305
306 308
309 309
310 313
316 318
318 320
320 320
320 320
320 320
320 320
320 320
